typedef struct {
 int cartid;
 char camname[3];
 int mjd;
 float xstart_tol;
 int nfiber;
 float fiberspace[100];
} FIBERPARAM;


FIBERPARAM 1 b1 55026 70.0000 500 { 5.06398 5.06147 5.06002 5.05719 5.05887 5.05601 5.05091 5.05651 5.05917 5.05655 5.05832 5.05016 5.05174 5.05288 5.05346 5.05883 5.05396 5.05662 } { 149.380 24.04517 24.05858 24.07028 24.04740 24.0959 24.03647 24.04980 24.05444 24.0444 24.0441 24.09856 24.00637 24.09434 24.0625 24.04478 24.04473 24.031909 }
FIBERPARAM 1 b2 55026 70.0000 500 { 5.06398 5.06147 5.06002 5.05719 5.05887 5.05601 5.05091 5.05651 5.05917 5.05655 5.05832 5.05016 5.05174 5.05288 5.05346 5.05883 5.05396 5.05662 } { 149.380 24.04517 24.05858 24.07028 24.04740 24.0959 24.03647 24.04980 24.05444 24.0444 24.0441 24.09856 24.00637 24.09434 24.0625 24.04478 24.04473 24.031909 }
FIBERPARAM 1 b3 55026 70.0000 500 { 5.06398 5.06147 5.06002 5.05719 5.05887 5.05601 5.05091 5.05651 5.05917 5.05655 5.05832 5.05016 5.05174 5.05288 5.05346 5.05883 5.05396 5.05662 } { 149.380 24.04517 24.05858 24.07028 24.04740 24.0959 24.03647 24.04980 24.05444 24.0444 24.0441 24.09856 24.00637 24.09434 24.0625 24.04478 24.04473 24.031909 }
FIBERPARAM 1 r1 55026 70.0000 500 { 5.06398 5.06147 5.06002 5.05719 5.05887 5.05601 5.05091 5.05651 5.05917 5.05655 5.05832 5.05016 5.05174 5.05288 5.05346 5.05883 5.05396 5.05662 } { 149.380 24.04517 24.05858 24.07028 24.04740 24.0959 24.03647 24.04980 24.05444 24.0444 24.0441 24.09856 24.00637 24.09434 24.0625 24.04478 24.04473 24.031909 }
FIBERPARAM 1 r2 55026 70.0000 500 { 5.06398 5.06147 5.06002 5.05719 5.05887 5.05601 5.05091 5.05651 5.05917 5.05655 5.05832 5.05016 5.05174 5.05288 5.05346 5.05883 5.05396 5.05662 } { 149.380 24.04517 24.05858 24.07028 24.04740 24.0959 24.03647 24.04980 24.05444 24.0444 24.0441 24.09856 24.00637 24.09434 24.0625 24.04478 24.04473 24.031909 }
FIBERPARAM 1 r3 55026 70.0000 500 { 5.06398 5.06147 5.06002 5.05719 5.05887 5.05601 5.05091 5.05651 5.05917 5.05655 5.05832 5.05016 5.05174 5.05288 5.05346 5.05883 5.05396 5.05662 } { 149.380 24.04517 24.05858 24.07028 24.04740 24.0959 24.03647 24.04980 24.05444 24.0444 24.0441 24.09856 24.00637 24.09434 24.0625 24.04478 24.04473 24.031909 }
FIBERPARAM 1 z1 55026 70.0000 500 { 5.06398 5.06147 5.06002 5.05719 5.05887 5.05601 5.05091 5.05651 5.05917 5.05655 5.05832 5.05016 5.05174 5.05288 5.05346 5.05883 5.05396 5.05662 } { 149.380 24.04517 24.05858 24.07028 24.04740 24.0959 24.03647 24.04980 24.05444 24.0444 24.0441 24.09856 24.00637 24.09434 24.0625 24.04478 24.04473 24.031909 }
FIBERPARAM 1 z2 55026 70.0000 500 { 5.06398 5.06147 5.06002 5.05719 5.05887 5.05601 5.05091 5.05651 5.05917 5.05655 5.05832 5.05016 5.05174 5.05288 5.05346 5.05883 5.05396 5.05662 } { 149.380 24.04517 24.05858 24.07028 24.04740 24.0959 24.03647 24.04980 24.05444 24.0444 24.0441 24.09856 24.00637 24.09434 24.0625 24.04478 24.04473 24.031909 }
FIBERPARAM 1 z3 55026 70.0000 500 { 5.06398 5.06147 5.06002 5.05719 5.05887 5.05601 5.05091 5.05651 5.05917 5.05655 5.05832 5.05016 5.05174 5.05288 5.05346 5.05883 5.05396 5.05662 } { 149.380 24.04517 24.05858 24.07028 24.04740 24.0959 24.03647 24.04980 24.05444 24.0444 24.0441 24.09856 24.00637 24.09434 24.0625 24.04478 24.04473 24.031909 }