ring_id,fiber_id,x,y,d,disp
1,0,1.546738304939677E-27,0.0,35.3,3
2,0,18.4999999504005,-32.042939553375824,35.3,3
2,1,-18.499999950445808,-32.04293955337582,35.3,3
2,2,36.99999960315852,1.2632342130702194E-11,35.3,3
2,3,-36.9999996031917,1.2623279744534303E-11,35.3,3
2,4,18.49999995040049,32.042939553401084,35.3,3
2,5,-18.499999950445808,32.04293955340108,35.3,3
3,0,36.99999960315134,-64.0858767868585,35.3,3
3,1,7.848256766560548E-15,-64.08587781791653,35.3,3
3,2,-36.9999996031917,-64.08587678685849,35.3,3
3,3,55.499998660582285,-32.0429385222836,35.3,3
3,4,-55.49999866053775,-32.04293852228365,35.3,3
3,5,73.99999682516307,1.2634607117417854E-11,35.3,3
3,6,-73.99999682515045,1.2616482345956894E-11,35.3,3
3,7,55.499998660582285,32.04293852230887,35.3,3
3,8,-55.49999866053775,32.04293852230888,35.3,3
3,9,36.999999603151316,64.08587678688379,35.3,3
3,10,0.0,64.08587781786535,35.3,3
3,11,-36.9999996031917,64.08587678688374,35.3,3
4,0,55.49999866061505,-96.12880938055167,35.3,3
4,1,18.499999950392912,-96.12881247373168,35.3,3
4,2,-18.49999995026261,-96.12881247373168,35.3,3
4,3,-55.49999866072095,-96.12880938055167,35.3,3
4,4,73.99999682514728,-64.08587369365405,35.3,3
4,5,-73.99999682515045,-64.08587369365405,35.3,3
4,6,92.49999379911591,-32.0429364601719,35.3,3
4,7,-92.49999379914668,-32.04293646017184,35.3,3
4,8,110.99998928488495,1.2636871697291232E-11,35.3,3
4,9,-110.9999892848265,1.2609684542286831E-11,35.3,3
4,10,92.4999937991159,32.04293646019719,35.3,3
4,11,-92.49999379914668,32.042936460197225,35.3,3
4,12,73.99999682514728,64.08587369367932,35.3,3
4,13,-73.99999682515045,64.0858736936793,35.3,3
4,14,55.49999866061502,96.12880938057698,35.3,3
4,15,18.499999950392983,96.12881247375694,35.3,3
4,16,-18.499999950445808,96.12881247375694,35.3,3
4,17,-55.49999866072095,96.12880938057693,35.3,3
5,0,73.99999682514706,-128.1717350145609,35.3,3
5,1,36.99999960313507,-128.17174120091198,35.3,3
5,2,1.5696513533129175E-14,-128.17174326306144,35.3,3
5,3,-36.9999996030085,-128.17174120091198,35.3,3
5,4,-73.99999682515045,-128.17173501456088,35.3,3
5,5,92.49999379909508,-96.12880319413931,35.3,3
5,6,-92.49999379914668,-96.12880319413938,35.3,3
5,7,110.99998928487652,-64.08586853833931,35.3,3
5,8,-110.9999892848265,-64.08586853833941,35.3,3
5,9,129.49998298474668,-32.042933366974744,35.3,3
5,10,-129.49998298485644,-32.042933366974694,35.3,3
5,11,147.99997460118274,1.2639135870103915E-11,35.3,3
5,12,-147.99997460098695,1.2602886334180527E-11,35.3,3
5,13,129.49998298474668,32.042933366999996,35.3,3
5,14,-129.49998298485644,32.042933366999904,35.3,3
5,15,110.99998928487652,64.08586853836461,35.3,3
5,16,-110.9999892848265,64.08586853836464,35.3,3
5,17,92.49999379909505,96.12880319416462,35.3,3
5,18,-92.49999379914668,96.1288031941646,35.3,3
5,19,73.999996825147,128.1717350145862,35.3,3
5,20,36.99999960313505,128.17174120093725,35.3,3
5,21,0.0,128.17174326301028,35.3,3
5,22,-36.9999996030085,128.17174120093722,35.3,3
5,23,-73.99999682515045,128.1717350145861,35.3,3
6,0,92.49999379910139,-160.21465136899204,35.3,3
6,1,55.49999866062544,-160.21466167969422,35.3,3
6,2,18.49999995039946,-160.2146668350188,35.3,3
6,3,-18.499999950445808,-160.2146668350188,35.3,3
6,4,-55.49999866072095,-160.21466167969425,35.3,3
6,5,-92.49999379914668,-160.214651368992,35.3,3
6,6,110.99998928490568,-128.17172470396838,35.3,3
6,7,-110.9999892848265,-128.17172470396838,35.3,3
6,8,129.49998298482143,-96.12879391462677,35.3,3
6,9,-129.49998298485644,-96.12879391462677,35.3,3
6,10,147.99997460123532,-64.08586132091817,35.3,3
6,11,-147.99997460135333,-64.08586132091826,35.3,3
6,12,166.4999638365024,-32.042929242739596,35.3,3
6,13,-166.4999638364341,-32.04292924273956,35.3,3
6,14,184.9999503929152,1.2641399635637617E-11,35.3,3
6,15,-184.9999503927652,1.2596087722294507E-11,35.3,3
6,16,166.49996383650236,32.04292924276491,35.3,3
6,17,-166.4999638364341,32.042929242764906,35.3,3
6,18,147.99997460123527,64.08586132094352,35.3,3
6,19,-147.99997460135333,64.08586132094347,35.3,3
6,20,129.4999829848214,96.12879391465209,35.3,3
6,21,-129.49998298485644,96.12879391465212,35.3,3
6,22,110.99998928490561,128.1717247039937,35.3,3
6,23,-110.9999892848265,128.1717247039937,35.3,3
6,24,92.49999379910132,160.21465136901736,35.3,3
6,25,55.49999866062538,160.2146616797195,35.3,3
6,26,18.49999995039943,160.21466683504406,35.3,3
6,27,-18.499999950445808,160.21466683504406,35.3,3
6,28,-55.49999866072095,160.21466167971954,35.3,3
6,29,-92.49999379914668,160.21465136901722,35.3,3
7,0,110.99998928487615,-192.25755612403077,35.3,3
7,1,73.99999682516508,-192.25757159000963,35.3,3
7,2,36.999999603141106,-192.25758086951677,35.3,3
7,3,2.354477029969285E-14,-192.25758396271428,35.3,3
7,4,-36.9999996030085,-192.25758086951677,35.3,3
7,5,-73.99999682515045,-192.25757159000966,35.3,3
7,6,-110.9999892848265,-192.25755612403074,35.3,3
7,7,129.49998298480693,-160.21463590311487,35.3,3
7,8,-129.49998298485644,-160.2146359031149,35.3,3
7,9,147.99997460117416,-128.17171026904373,35.3,3
7,10,-147.99997460098695,-128.17171026904379,35.3,3
7,11,166.49996383645222,-96.12878154183926,35.3,3
7,12,-166.4999638364341,-96.12878154183939,35.3,3
7,13,184.999950392933,-64.08585204132768,35.3,3
7,14,-184.9999503927652,-64.08585204132757,35.3,3
7,15,203.4999339730643,-32.042924087425234,35.3,3
7,16,-203.49993397301307,-32.04292408742519,35.3,3
7,17,221.99991427903245,1.2643662993674161E-11,35.3,3
7,18,-221.9999142791115,1.2589288707285387E-11,35.3,3
7,19,203.4999339730643,32.04292408745052,35.3,3
7,20,-203.49993397301307,32.04292408745038,35.3,3
7,21,184.999950392933,64.08585204135302,35.3,3
7,22,-184.9999503927652,64.08585204135309,35.3,3
7,23,166.49996383645222,96.12878154186454,35.3,3
7,24,-166.4999638364341,96.12878154186461,35.3,3
7,25,147.99997460117413,128.17171026906905,35.3,3
7,26,-147.99997460098695,128.17171026906897,35.3,3
7,27,129.49998298480682,160.21463590314022,35.3,3
7,28,-129.49998298485644,160.2146359031402,35.3,3
7,29,110.9999892848761,192.25755612405607,35.3,3
7,30,73.99999682516496,192.25757159003498,35.3,3
7,31,36.99999960314124,192.25758086954204,35.3,3
7,32,0.0,192.25758396271428,35.3,3
7,33,-36.9999996030085,192.25758086954204,35.3,3
7,34,-73.99999682515045,192.257571590035,35.3,3
7,35,-110.9999892848265,192.25755612405592,35.3,3
8,0,129.49998298477584,-224.30044695970483,35.3,3
8,1,92.49999379912353,-224.3004686120274,35.3,3
8,2,55.49999866061015,-224.30048304688677,35.3,3
8,3,18.49999995038919,-224.3004902642738,35.3,3
8,4,-18.49999995026261,-224.3004902642738,35.3,3
8,5,-55.49999866072095,-224.30048304688677,35.3,3
8,6,-92.49999379914668,-224.3004686120275,35.3,3
8,7,-129.49998298485644,-224.30044695970483,35.3,3
8,8,147.9999746011952,-192.25753447173273,35.3,3
8,9,-147.99997460135333,-192.25753447173273,35.3,3
8,10,166.4999638364564,-160.21461528183244,35.3,3
8,11,-166.4999638364341,-160.2146152818325,35.3,3
8,12,184.9999503929063,-128.17169170990243,35.3,3
8,13,-184.9999503927652,-128.17169170990243,35.3,3
8,14,203.49993397297368,-96.12876607588528,35.3,3
8,15,-203.49993397301307,-96.12876607588542,35.3,3
8,16,221.99991427903012,-64.0858406996489,35.3,3
8,17,-221.9999142791115,-64.0858406996488,35.3,3
8,18,240.49989101335413,-32.04291790104826,35.3,3
8,19,-240.49989101336047,-32.042917901048426,35.3,3
8,20,258.9998638783018,1.2645925943995493E-11,35.3,3
8,21,-258.9998638782433,1.2582489289809947E-11,35.3,3
8,22,240.49989101335413,32.04291790107361,35.3,3
8,23,-240.49989101336047,32.042917901073814,35.3,3
8,24,221.99991427903012,64.08584069967418,35.3,3
8,25,-221.9999142791115,64.08584069967418,35.3,3
8,26,203.49993397297365,96.12876607591058,35.3,3
8,27,-203.49993397301307,96.12876607591043,35.3,3
8,28,184.99995039290627,128.17169170992773,35.3,3
8,29,-184.9999503927652,128.17169170992776,35.3,3
8,30,166.49996383645643,160.21461528185765,35.3,3
8,31,-166.4999638364341,160.21461528185756,35.3,3
8,32,147.99997460119522,192.25753447175794,35.3,3
8,33,-147.99997460135333,192.25753447175794,35.3,3
8,34,129.49998298477573,224.30044695973012,35.3,3
8,35,92.49999379912343,224.30046861205267,35.3,3
8,36,55.49999866060994,224.30048304691203,35.3,3
8,37,18.499999950389142,224.30049026429901,35.3,3
8,38,-18.49999995026261,224.30049026429901,35.3,3
8,39,-55.49999866072095,224.300483046912,35.3,3
8,40,-92.49999379914668,224.30046861205273,35.3,3
8,41,-129.49998298485644,224.30044695972992,35.3,3
9,0,147.99997460119368,-256.34332155620103,35.3,3
9,1,110.99998928485734,-256.3433504258711,35.3,3
9,2,73.99999682513138,-256.34337104708965,35.3,3
9,3,36.99999960314348,-256.34338341988945,35.3,3
9,4,3.1393027066255945E-14,-256.3433875441035,35.3,3
9,5,-36.9999996031917,-256.34338341988945,35.3,3
9,6,-73.99999682515045,-256.34337104708965,35.3,3
9,7,-110.9999892848265,-256.34335042587117,35.3,3
9,8,-147.99997460135333,-256.343321556201,35.3,3
9,9,166.49996383642997,-224.30041808994392,35.3,3
9,10,-166.4999638364341,-224.30041808994397,35.3,3
9,11,184.99995039290474,-192.25750663300514,35.3,3
9,12,-184.9999503927652,-192.2575066330053,35.3,3
9,13,203.49993397301546,-160.21458950528134,35.3,3
9,14,-203.49993397301307,-160.2145895052815,35.3,3
9,15,221.99991427901608,-128.17166902656183,35.3,3
9,16,-221.9999142791115,-128.17166902656203,35.3,3
9,17,240.4998910133347,-96.12874751679325,35.3,3
9,18,-240.49989101336047,-96.1287475167933,35.3,3
9,19,258.9998638782463,-64.08582729583334,35.3,3
9,20,-258.9998638782433,-64.08582729583324,35.3,3
9,21,277.4998325762487,-32.042910683611936,35.3,3
9,22,-277.4998325762433,-32.04291068361194,35.3,3
9,23,295.99979680967317,1.2648188486383671E-11,35.3,3
9,24,-295.99979680966055,1.2575689470525042E-11,35.3,3
9,25,277.49983257624865,32.04291068363729,35.3,3
9,26,-277.4998325762433,32.042910683637345,35.3,3
9,27,258.9998638782463,64.08582729585859,35.3,3
9,28,-258.9998638782433,64.08582729585841,35.3,3
9,29,240.49989101333458,96.12874751681858,35.3,3
9,30,-240.49989101336047,96.12874751681849,35.3,3
9,31,221.99991427901608,128.17166902658715,35.3,3
9,32,-221.9999142791115,128.1716690265872,35.3,3
9,33,203.4999339730155,160.21458950530655,35.3,3
9,34,-203.49993397301307,160.2145895053065,35.3,3
9,35,184.99995039290465,192.2575066330305,35.3,3
9,36,-184.9999503927652,192.25750663303046,35.3,3
9,37,166.49996383642986,224.30041808996924,35.3,3
9,38,-166.4999638364341,224.3004180899692,35.3,3
9,39,147.99997460119366,256.34332155622633,35.3,3
9,40,110.99998928485734,256.34335042589635,35.3,3
9,41,73.99999682513132,256.34337104711483,35.3,3
9,42,36.99999960314352,256.3433834199147,35.3,3
9,43,0.0,256.34338754405235,35.3,3
9,44,-36.9999996031917,256.3433834199147,35.3,3
9,45,-73.99999682515045,256.34337104711483,35.3,3
9,46,-110.9999892848265,256.34335042589623,35.3,3
9,47,-147.99997460135333,256.34332155622616,35.3,3
10,0,166.49996383642875,-288.3861775935487,35.3,3
10,1,129.49998298478218,-288.38621471179965,35.3,3
10,2,92.49999379910598,-288.3862425504099,35.3,3
10,3,55.4999986605994,-288.3862611095005,35.3,3
10,4,18.499999950397125,-288.38627038916945,35.3,3
10,5,-18.499999950445808,-288.38627038916945,35.3,3
10,6,-55.49999866053775,-288.3862611095005,35.3,3
10,7,-92.49999379914668,-288.3862425504099,35.3,3
10,8,-129.49998298485644,-288.3862147117997,35.3,3
10,9,-166.4999638364341,-288.3861775935487,35.3,3
10,10,184.99995039295325,-256.3432844379924,35.3,3
10,11,-184.9999503927652,-256.34328443799234,35.3,3
10,12,203.49993397299346,-224.30038200280447,35.3,3
10,13,-203.49993397301307,-224.30038200280458,35.3,3
10,14,221.99991427898786,-192.2574726079878,35.3,3
10,15,-221.9999142791115,-192.25747260798784,35.3,3
10,16,240.49989101338818,-160.2145585734758,35.3,3
10,17,-240.49989101336047,-160.2145585734759,35.3,3
10,18,258.9998638783595,-128.17164221900265,35.3,3
10,19,-258.9998638784265,-128.17164221900273,35.3,3
10,20,277.49983257624,-96.12872586449329,35.3,3
10,21,-277.4998325762433,-96.12872586449312,35.3,3
10,22,295.9997968096197,-64.08581182992681,35.3,3
10,23,-295.99979680947735,-64.08581182992712,35.3,3
10,24,314.49975628077163,-32.042902435133506,35.3,3
10,25,-314.4997562806119,-32.04290243513331,35.3,3
10,26,332.9997106919139,1.2650450620620877E-11,35.3,3
10,27,-332.99971069176377,1.2568889250087685E-11,35.3,3
10,28,314.49975628077163,32.04290243515873,35.3,3
10,29,-314.4997562806119,32.04290243515845,35.3,3
10,30,295.9997968096197,64.0858118299521,35.3,3
10,31,-295.99979680947735,64.08581182995204,35.3,3
10,32,277.49983257624,96.12872586451853,35.3,3
10,33,-277.4998325762433,96.12872586451853,35.3,3
10,34,258.9998638783595,128.17164221902792,35.3,3
10,35,-258.9998638784265,128.17164221902792,35.3,3
10,36,240.4998910133881,160.21455857350125,35.3,3
10,37,-240.49989101336047,160.21455857350128,35.3,3
10,38,221.99991427898783,192.25747260801316,35.3,3
10,39,-221.9999142791115,192.25747260801302,35.3,3
10,40,203.49993397299326,224.30038200282993,35.3,3
10,41,-203.49993397301307,224.3003820028298,35.3,3
10,42,184.99995039295325,256.34328443801763,35.3,3
10,43,-184.9999503927652,256.34328443801763,35.3,3
10,44,166.49996383642863,288.38617759357396,35.3,3
10,45,129.49998298478206,288.3862147118249,35.3,3
10,46,92.49999379910588,288.38624255043516,35.3,3
10,47,55.499998660599616,288.38626110952566,35.3,3
10,48,18.499999950397033,288.38627038919475,35.3,3
10,49,-18.499999950445808,288.38627038919475,35.3,3
10,50,-55.49999866053775,288.38626110952566,35.3,3
10,51,-92.49999379914668,288.38624255043516,35.3,3
10,52,-129.49998298485644,288.3862147118249,35.3,3
10,53,-166.4999638364341,288.3861775935738,35.3,3
11,0,184.99995039295942,-320.4290127520951,35.3,3
11,1,147.99997460117933,-320.4290591497731,35.3,3
11,2,110.9999892848717,-320.4290952369027,35.3,3
11,3,73.99999682516074,-320.42912101348867,35.3,3
11,4,36.99999960314105,-320.4291364793276,35.3,3
11,5,3.924128383282313E-14,-320.4291416346621,35.3,3
11,6,-36.9999996030085,-320.4291364793276,35.3,3
11,7,-73.99999682515045,-320.42912101348867,35.3,3
11,8,-110.9999892848265,-320.42909523690275,35.3,3
11,9,-147.99997460098695,-320.4290591497731,35.3,3
11,10,-184.99995039294836,-320.4290127520951,35.3,3
11,11,203.4999339730101,-288.38613119585926,35.3,3
11,12,-203.49993397301307,-288.38613119585926,35.3,3
11,13,221.99991427902359,-256.3432390713073,35.3,3
11,14,-221.9999142791115,-256.34323907130727,35.3,3
11,15,240.49989101337826,-224.30033869831723,35.3,3
11,16,-240.49989101336047,-224.3003386983173,35.3,3
11,17,258.99986387828517,-192.25743239663765,35.3,3
11,18,-258.9998638782433,-192.25743239663765,35.3,3
11,19,277.4998325762979,-160.21452248632093,35.3,3
11,20,-277.4998325762433,-160.21452248632116,35.3,3
11,21,295.999796809633,-128.17161128714818,35.3,3
11,22,-295.99979680966055,-128.17161128714835,35.3,3
11,23,314.49975628081364,-96.12870111907813,35.3,3
11,24,-314.4997562807951,-96.12870111907822,35.3,3
11,25,332.9997106919592,-64.08579430191165,35.3,3
11,26,-332.999710691947,-64.08579430191159,35.3,3
11,27,351.49965974562224,-32.042893155593504,35.3,3
11,28,-351.49965974559956,-32.04289315559382,35.3,3
11,29,369.99960314415716,1.2652712346489429E-11,35.3,3
11,30,-369.9996031442361,1.2562088629154928E-11,35.3,3
11,31,351.49965974562224,32.042893155618806,35.3,3
11,32,-351.49965974559956,32.04289315561864,35.3,3
11,33,332.99971069195914,64.08579430193704,35.3,3
11,34,-332.999710691947,64.08579430193703,35.3,3
11,35,314.4997562808136,96.12870111910354,35.3,3
11,36,-314.4997562807951,96.12870111910337,35.3,3
11,37,295.99979680963287,128.1716112871736,35.3,3
11,38,-295.99979680966055,128.17161128717353,35.3,3
11,39,277.4998325762979,160.21452248634625,35.3,3
11,40,-277.4998325762433,160.2145224863463,35.3,3
11,41,258.9998638782851,192.25743239666303,35.3,3
11,42,-258.9998638782433,192.2574323966631,35.3,3
11,43,240.4998910133781,224.30033869834267,35.3,3
11,44,-240.49989101336047,224.30033869834247,35.3,3
11,45,221.99991427902347,256.3432390713326,35.3,3
11,46,-221.9999142791115,256.3432390713326,35.3,3
11,47,203.49993397301003,288.3861311958845,35.3,3
11,48,-203.49993397301307,288.3861311958845,35.3,3
11,49,184.9999503929593,320.42901275212046,35.3,3
11,50,147.99997460117916,320.4290591497984,35.3,3
11,51,110.99998928487159,320.42909523692794,35.3,3
11,52,73.99999682516068,320.42912101351385,35.3,3
11,53,36.99999960314099,320.4291364793528,35.3,3
11,54,0.0,320.42914163471323,35.3,3
11,55,-36.9999996030085,320.4291364793528,35.3,3
11,56,-73.99999682515045,320.42912101351385,35.3,3
11,57,-110.9999892848265,320.429095236928,35.3,3
11,58,-147.99997460098695,320.4290591497982,35.3,3
11,59,-184.99995039294836,320.42901275212023,35.3,3
12,0,203.49993397300844,-352.4718247117527,35.3,3
12,1,166.4999638364641,-352.4718814200622,35.3,3
12,2,129.4999829847763,-352.4719267866791,35.3,3
12,3,92.49999379913238,-352.4719608117308,35.3,3
12,4,55.499998660608796,-352.47198349499973,35.3,3
12,5,18.49999995039242,-352.4719948366596,35.3,3
12,6,-18.49999995026261,-352.4719948366596,35.3,3
12,7,-55.49999866072095,-352.47198349499973,35.3,3
12,8,-92.49999379914668,-352.4719608117308,35.3,3
12,9,-129.49998298485644,-352.47192678667915,35.3,3
12,10,-166.4999638364341,-352.4718814200621,35.3,3
12,11,-203.49993397301307,-352.4718247117527,35.3,3
12,12,221.99991427904044,-320.4289560438018,35.3,3
12,13,-221.9999142791115,-320.4289560438018,35.3,3
12,14,240.49989101333543,-288.3860755186296,35.3,3
12,15,-240.49989101336047,-288.3860755186295,35.3,3
12,16,258.99986387834747,-256.34318545623063,35.3,3
12,17,-258.9998638784265,-256.3431854562305,35.3,3
12,18,277.4998325762862,-224.3002881763295,35.3,3
12,19,-277.4998325762433,-224.3002881763296,35.3,3
12,20,295.99979680964384,-192.25738599894092,35.3,3
12,21,-295.99979680966055,-192.25738599894095,35.3,3
12,22,314.49975628074793,-160.21448124391154,35.3,3
12,23,-314.4997562806119,-160.21448124391142,35.3,3
12,24,332.99971069196124,-128.17157623112314,35.3,3
12,25,-332.999710691947,-128.17157623112323,35.3,3
12,26,351.499659745694,-96.12867328047047,35.3,3
12,27,-351.49965974559956,-96.12867328047071,35.3,3
12,28,369.99960314412834,-64.08577471178785,35.3,3
12,29,-369.9996031440529,-64.08577471178793,35.3,3
12,30,388.4995405898365,-32.04288284500859,35.3,3
12,31,-388.4995405897903,-32.042882845008776,35.3,3
12,32,406.9994717850329,1.2654973663771714E-11,35.3,3
12,33,-406.99947178492863,1.2555287608384036E-11,35.3,3
12,34,388.4995405898365,32.042882845033986,35.3,3
12,35,-388.4995405897903,32.042882845033894,35.3,3
12,36,369.99960314412823,64.08577471181333,35.3,3
12,37,-369.9996031440529,64.08577471181309,35.3,3
12,38,351.499659745694,96.1286732804958,35.3,3
12,39,-351.49965974559956,96.12867328049555,35.3,3
12,40,332.9997106919612,128.17157623114852,35.3,3
12,41,-332.999710691947,128.17157623114863,35.3,3
12,42,314.49975628074793,160.21448124393683,35.3,3
12,43,-314.4997562806119,160.2144812439366,35.3,3
12,44,295.99979680964384,192.25738599896619,35.3,3
12,45,-295.99979680966055,192.2573859989661,35.3,3
12,46,277.4998325762862,224.30028817635477,35.3,3
12,47,-277.4998325762433,224.30028817635468,35.3,3
12,48,258.99986387834747,256.3431854562558,35.3,3
12,49,-258.9998638784265,256.34318545625575,35.3,3
12,50,240.4998910133353,288.38607551865493,35.3,3
12,51,-240.49989101336047,288.38607551865465,35.3,3
12,52,221.99991427904044,320.428956043827,35.3,3
12,53,-221.9999142791115,320.4289560438268,35.3,3
12,54,203.49993397300832,352.47182471177797,35.3,3
12,55,166.4999638364642,352.47188142008736,35.3,3
12,56,129.49998298477627,352.4719267867043,35.3,3
12,57,92.49999379913228,352.47196081175605,35.3,3
12,58,55.499998660608675,352.47198349502503,35.3,3
12,59,18.499999950392446,352.47199483668476,35.3,3
12,60,-18.49999995026261,352.47199483668464,35.3,3
12,61,-55.49999866072095,352.47198349502503,35.3,3
12,62,-92.49999379914668,352.471960811756,35.3,3
12,63,-129.49998298485644,352.47192678670433,35.3,3
12,64,-166.4999638364341,352.47188142008736,35.3,3
12,65,-203.49993397301307,352.4718247117778,35.3,3
13,0,221.99991427904618,-384.5146111528708,35.3,3
13,1,184.99995039293594,-384.5146792026916,35.3,3
13,2,147.9999746011751,-384.51473487988426,35.3,3
13,3,110.99998928486781,-384.51477818439145,35.3,3
13,4,73.99999682514459,-384.51480911619205,35.3,3
13,5,36.99999960314185,-384.5148276752706,35.3,3
13,6,4.70895405993865E-14,-384.5148338616696,35.3,3
13,7,-36.9999996030085,-384.5148276752706,35.3,3
13,8,-73.99999682515045,-384.51480911619205,35.3,3
13,9,-110.9999892848265,-384.51477818439145,35.3,3
13,10,-147.99997460098695,-384.5147348798843,35.3,3
13,11,-184.9999503927652,-384.51467920269175,35.3,3
13,12,-221.9999142791115,-384.5146111528708,35.3,3
13,13,240.4998910133236,-352.47175666185586,35.3,3
13,14,-240.49989101336047,-352.471756661856,35.3,3
13,15,258.99986387828744,-320.4288890249152,35.3,3
13,16,-258.9998638782433,-320.4288890249153,35.3,3
13,17,277.4998325762752,-288.3860105618779,35.3,3
13,18,-277.4998325762433,-288.386010561878,35.3,3
13,19,295.9997968096419,-256.343123592613,35.3,3
13,20,-295.99979680966055,-256.34312359261304,35.3,3
13,21,314.4997562807435,-224.30023043699572,35.3,3
13,22,-314.4997562806119,-224.30023043699578,35.3,3
13,23,332.99971069196636,-192.25733341492437,35.3,3
13,24,-332.999710691947,-192.25733341492463,35.3,3
13,25,351.4996597456171,-160.21443484624837,35.3,3
13,26,-351.49965974559956,-160.2144348462484,35.3,3
13,27,369.9996031441143,-128.17153705088134,35.3,3
13,28,-369.9996031440529,-128.17153705088108,35.3,3
13,29,388.49954058979347,-96.12864234869168,35.3,3
13,30,-388.4995405897903,-96.12864234869153,35.3,3
13,31,406.99947178502435,-64.08575305956195,35.3,3
13,32,-406.99947178492863,-64.08575305956185,35.3,3
13,33,425.49939643218005,-32.04287150337001,35.3,3
13,34,-425.49939643213435,-32.042871503370115,35.3,3
13,35,443.99931423367445,1.2657234572250302E-11,35.3,3
13,36,-443.99931423370754,1.2548486188432307E-11,35.3,3
13,37,425.49939643218005,32.042871503395226,35.3,3
13,38,-425.49939643213435,32.04287150339521,35.3,3
13,39,406.99947178502435,64.08575305958728,35.3,3
13,40,-406.99947178492863,64.08575305958698,35.3,3
13,41,388.49954058979347,96.1286423487171,35.3,3
13,42,-388.4995405897903,96.128642348717,35.3,3
13,43,369.9996031441143,128.17153705090672,35.3,3
13,44,-369.9996031440529,128.17153705090692,35.3,3
13,45,351.4996597456171,160.21443484627366,35.3,3
13,46,-351.49965974559956,160.21443484627352,35.3,3
13,47,332.99971069196636,192.25733341494967,35.3,3
13,48,-332.999710691947,192.25733341494978,35.3,3
13,49,314.4997562807432,224.30023043702113,35.3,3
13,50,-314.4997562806119,224.30023043702118,35.3,3
13,51,295.99979680964185,256.3431235926383,35.3,3
13,52,-295.99979680966055,256.34312359263816,35.3,3
13,53,277.4998325762749,288.3860105619033,35.3,3
13,54,-277.4998325762433,288.3860105619032,35.3,3
13,55,258.9998638782873,320.42888902494064,35.3,3
13,56,-258.9998638782433,320.4288890249405,35.3,3
13,57,240.4998910133236,352.47175666188105,35.3,3
13,58,-240.49989101336047,352.47175666188093,35.3,3
13,59,221.99991427904604,384.5146111528962,35.3,3
13,60,184.99995039293583,384.51467920271693,35.3,3
13,61,147.99997460117487,384.5147348799096,35.3,3
13,62,110.99998928486775,384.5147781844166,35.3,3
13,63,73.99999682514486,384.51480911621724,35.3,3
13,64,36.99999960314181,384.5148276752959,35.3,3
13,65,0.0,384.5148338616696,35.3,3
13,66,-36.9999996030085,384.5148276752958,35.3,3
13,67,-73.99999682515045,384.51480911621724,35.3,3
13,68,-110.9999892848265,384.5147781844166,35.3,3
13,69,-147.99997460098695,384.5147348799097,35.3,3
13,70,-184.9999503927652,384.514679202717,35.3,3
13,71,-221.9999142791115,384.51461115289595,35.3,3
14,0,240.49989101333213,-416.5573697554438,35.3,3
14,1,203.4999339730055,-416.55745017793464,35.3,3
14,2,166.49996383645768,-416.5575171967582,35.3,3
14,3,129.4999829847844,-416.5575708118309,35.3,3
14,4,92.49999379911159,-416.5576110230905,35.3,3
14,5,55.49999866060738,-416.5576378306407,35.3,3
14,6,18.499999950392347,-416.55765123440597,35.3,3
14,7,-18.49999995026261,-416.55765123440597,35.3,3
14,8,-55.49999866072095,-416.5576378306407,35.3,3
14,9,-92.49999379914668,-416.5576110230905,35.3,3
14,10,-129.49998298485644,-416.557570811831,35.3,3
14,11,-166.4999638364341,-416.5575171967582,35.3,3
14,12,-203.49993397301307,-416.55745017793464,35.3,3
14,13,-240.49989101336047,-416.5573697554437,35.3,3
14,14,258.9998638782891,-384.5145307302849,35.3,3
14,15,-258.9998638782433,-384.51453073028506,35.3,3
14,16,277.49983257629503,-352.47167727038976,35.3,3
14,17,-277.4998325762433,-352.4716772703898,35.3,3
14,18,295.9997968096715,-320.42881169556676,35.3,3
14,19,-295.99979680966055,-320.4288116955668,35.3,3
14,20,314.4997562807422,-288.3859363256596,35.3,3
14,21,-314.4997562806119,-288.38593632565943,35.3,3
14,22,332.9997106919524,-256.3430534806294,35.3,3
14,23,-332.999710691947,-256.34305348062975,35.3,3
14,24,351.49965974561394,-224.30016548030602,35.3,3
14,25,-351.49965974559956,-224.3001654803061,35.3,3
14,26,369.999603144108,-192.25727464458382,35.3,3
14,27,-369.9996031440529,-192.2572746445839,35.3,3
14,28,388.49954058979887,-160.21438329334072,35.3,3
14,29,-388.4995405897903,-160.21438329334094,35.3,3
14,30,406.99947178502833,-128.1714937464481,35.3,3
14,31,-406.99947178492863,-128.1714937464481,35.3,3
14,32,425.49939643222746,-96.12860832380358,35.3,3
14,33,-425.49939643213435,-96.12860832380322,35.3,3
14,34,443.9993142336455,-64.08572934525372,35.3,3
14,35,-443.99931423370754,-64.08572934525384,35.3,3
14,36,462.4992248916913,-32.04285913069085,35.3,3
14,37,-462.49922489176504,-32.04285913069097,35.3,3
14,38,480.99912810880284,1.2659495071707823E-11,35.3,3
14,39,-480.9991281087902,1.2541684369957213E-11,35.3,3
14,40,462.4992248916913,32.04285913071596,35.3,3
14,41,-462.49922489176504,32.04285913071605,35.3,3
14,42,443.9993142336455,64.08572934527935,35.3,3
14,43,-443.99931423370754,64.08572934527933,35.3,3
14,44,425.49939643222746,96.1286083238289,35.3,3
14,45,-425.49939643213435,96.1286083238287,35.3,3
14,46,406.99947178502833,128.17149374647343,35.3,3
14,47,-406.99947178492863,128.17149374647323,35.3,3
14,48,388.4995405897988,160.21438329336615,35.3,3
14,49,-388.4995405897903,160.21438329336576,35.3,3
14,50,369.9996031441079,192.2572746446092,35.3,3
14,51,-369.9996031440529,192.25727464460934,35.3,3
14,52,351.4996597456137,224.3001654803315,35.3,3
14,53,-351.49965974559956,224.30016548033157,35.3,3
14,54,332.9997106919524,256.3430534806547,35.3,3
14,55,-332.999710691947,256.3430534806545,35.3,3
14,56,314.4997562807422,288.3859363256848,35.3,3
14,57,-314.4997562806119,288.38593632568444,35.3,3
14,58,295.9997968096714,320.42881169559206,35.3,3
14,59,-295.99979680966055,320.42881169559195,35.3,3
14,60,277.4998325762948,352.4716772704152,35.3,3
14,61,-277.4998325762433,352.4716772704151,35.3,3
14,62,258.9998638782891,384.51453073031007,35.3,3
14,63,-258.9998638782433,384.51453073030996,35.3,3
14,64,240.499891013332,416.5573697554691,35.3,3
14,65,203.49993397300545,416.5574501779598,35.3,3
14,66,166.49996383645757,416.55751719678346,35.3,3
14,67,129.4999829847843,416.55757081185624,35.3,3
14,68,92.49999379911162,416.5576110231157,35.3,3
14,69,55.49999866060733,416.55763783066595,35.3,3
14,70,18.499999950391903,416.5576512344313,35.3,3
14,71,-18.49999995026261,416.5576512344312,35.3,3
14,72,-55.49999866072095,416.55763783066595,35.3,3
14,73,-92.49999379914668,416.5576110231157,35.3,3
14,74,-129.49998298485644,416.5575708118561,35.3,3
14,75,-166.4999638364341,416.5575171967835,35.3,3
14,76,-203.49993397301307,416.55745017795977,35.3,3
14,77,-240.49989101336047,416.5573697554688,35.3,3
15,0,258.99986387828113,-448.6000981997445,35.3,3
15,1,221.9999142790495,-448.6001920259967,35.3,3
15,2,184.99995039293233,-448.60027141733957,35.3,3
15,3,147.9999746011801,-448.6003363740069,35.3,3
15,4,110.99998928486896,-448.6003868958572,35.3,3
15,5,73.99999682513752,-448.60042298286544,35.3,3
15,6,36.9999996031435,-448.6004446351587,35.3,3
15,7,5.493779736595178E-14,-448.6004518526102,35.3,3
15,8,-36.9999996031917,-448.6004446351587,35.3,3
15,9,-73.99999682515045,-448.60042298286544,35.3,3
15,10,-110.9999892848265,-448.60038689585724,35.3,3
15,11,-147.99997460098695,-448.60033637400704,35.3,3
15,12,-184.9999503927652,-448.6002714173398,35.3,3
15,13,-221.9999142791115,-448.6001920259968,35.3,3
15,14,-258.9998638782433,-448.60009819974425,35.3,3
15,15,277.4998325763169,-416.5572759292922,35.3,3
15,16,-277.4998325762433,-416.5572759292923,35.3,3
15,17,295.99979680963264,-384.5144379351126,35.3,3
15,18,-295.99979680966055,-384.5144379351126,35.3,3
15,19,314.49975628074975,-352.4715865373051,35.3,3
15,20,-314.4997562806119,-352.47158653730514,35.3,3
15,21,332.99971069195055,-320.42872405562997,35.3,3
15,22,-332.999710691947,-320.42872405563014,35.3,3
15,23,351.4996597455859,-288.3858528099584,35.3,3
15,24,-351.49965974559956,-288.3858528099584,35.3,3
15,25,369.99960314412687,-256.3429751202521,35.3,3
15,26,-369.9996031440529,-256.34297512025205,35.3,3
15,27,388.4995405898213,-224.30009330629255,35.3,3
15,28,-388.4995405897903,-224.30009330629284,35.3,3
15,29,406.9994717850469,-192.25720968797722,35.3,3
15,30,-406.99947178492863,-192.25720968797756,35.3,3
15,31,425.4993964321439,-160.21432658518214,35.3,3
15,32,-425.49939643213435,-160.21432658518233,35.3,3
15,33,443.9993142336176,-128.1714463178364,35.3,3
15,34,-443.99931423370754,-128.17144631783623,35.3,3
15,35,462.4992248917041,-96.1285712057649,35.3,3
15,36,-462.49922489176504,-96.1285712057648,35.3,3
15,37,480.9991281087761,-64.08570356885008,35.3,3
15,38,-480.9991281087902,-64.0857035688504,35.3,3
15,39,499.499023587334,-32.04284572697622,35.3,3
15,40,-499.4990235872664,-32.04284572697656,35.3,3
15,41,517.9989110294603,1.2661755161927064E-11,35.3,3
15,42,-517.9989110293103,1.2534882153616301E-11,35.3,3
15,43,499.499023587334,32.04284572700154,35.3,3
15,44,-499.4990235872664,32.042845727001634,35.3,3
15,45,480.9991281087761,64.08570356887552,35.3,3
15,46,-480.9991281087902,64.08570356887591,35.3,3
15,47,462.4992248917041,96.12857120579041,35.3,3
15,48,-462.49922489176504,96.12857120578988,35.3,3
15,49,443.9993142336176,128.17144631786175,35.3,3
15,50,-443.99931423370754,128.17144631786175,35.3,3
15,51,425.4993964321439,160.21432658520752,35.3,3
15,52,-425.49939643213435,160.2143265852074,35.3,3
15,53,406.9994717850468,192.25720968800255,35.3,3
15,54,-406.99947178492863,192.25720968800232,35.3,3
15,55,388.4995405898213,224.30009330631782,35.3,3
15,56,-388.4995405897903,224.3000933063179,35.3,3
15,57,369.99960314412687,256.34297512027734,35.3,3
15,58,-369.9996031440529,256.34297512027734,35.3,3
15,59,351.4996597455858,288.3858528099838,35.3,3
15,60,-351.49965974559956,288.3858528099841,35.3,3
15,61,332.9997106919506,320.42872405565515,35.3,3
15,62,-332.999710691947,320.4287240556549,35.3,3
15,63,314.49975628074975,352.4715865373303,35.3,3
15,64,-314.4997562806119,352.4715865373303,35.3,3
15,65,295.99979680963264,384.5144379351377,35.3,3
15,66,-295.99979680966055,384.51443793513766,35.3,3
15,67,277.4998325763167,416.55727592931765,35.3,3
15,68,-277.4998325762433,416.55727592931777,35.3,3
15,69,258.99986387828096,448.60009819976966,35.3,3
15,70,221.99991427904936,448.60019202602206,35.3,3
15,71,184.99995039293213,448.600271417365,35.3,3
15,72,147.99997460117973,448.6003363740323,35.3,3
15,73,110.99998928486853,448.60038689588254,35.3,3
15,74,73.99999682513756,448.6004229828907,35.3,3
15,75,36.99999960314341,448.60044463518386,35.3,3
15,76,0.0,448.6004518526102,35.3,3
15,77,-36.9999996031917,448.60044463518386,35.3,3
15,78,-73.99999682515045,448.6004229828907,35.3,3
15,79,-110.9999892848265,448.60038689588254,35.3,3
15,80,-147.99997460098695,448.6003363740323,35.3,3
15,81,-184.9999503927652,448.600271417365,35.3,3
15,82,-221.9999142791115,448.60019202602183,35.3,3
15,83,-258.9998638782433,448.6000981997694,35.3,3
16,0,277.49983257627906,-480.64279416600766,35.3,3
16,1,240.49989101334302,-480.6429024268919,35.3,3
16,2,203.4999339730115,-480.64299522194125,35.3,3
16,3,166.49996383647132,-480.6430725512737,35.3,3
16,4,129.49998298479224,-480.64313441472507,35.3,3
16,5,92.49999379911183,-480.6431808122423,35.3,3
16,6,55.499998660603524,-480.64321174395496,35.3,3
16,7,18.499999950392834,-480.6432272098695,35.3,3
16,8,-18.49999995026261,-480.6432272098695,35.3,3
16,9,-55.49999866053775,-480.64321174395496,35.3,3
16,10,-92.49999379914668,-480.6431808122423,35.3,3
16,11,-129.49998298485644,-480.6431344147252,35.3,3
16,12,-166.4999638364341,-480.6430725512738,35.3,3
16,13,-203.49993397301307,-480.6429952219415,35.3,3
16,14,-240.49989101336047,-480.6429024268919,35.3,3
16,15,-277.4998325762433,-480.64279416600755,35.3,3
16,16,295.9997968096625,-448.5999899389042,35.3,3
16,17,-295.99979680966055,-448.5999899389044,35.3,3
16,18,314.49975628075055,-416.557168699375,35.3,3
16,19,-314.4997562806119,-416.5571686993753,35.3,3
16,20,332.99971069199904,-384.5143327674059,35.3,3
16,21,-332.999710691947,-384.5143327674059,35.3,3
16,22,351.49965974567607,-352.4714844627398,35.3,3
16,23,-351.49965974559956,-352.47148446273985,35.3,3
16,24,369.99960314411123,-320.4286261052312,35.3,3
16,25,-369.9996031440529,-320.42862610523133,35.3,3
16,26,388.49954058977255,-288.38576001485643,35.3,3
16,27,-388.4995405897903,-288.3857600148565,35.3,3
16,28,406.99947178504294,-256.3428885114864,35.3,3
16,29,-406.99947178492863,-256.3428885114863,35.3,3
16,30,425.49939643219534,-224.30001391493045,35.3,3
16,31,-425.49939643213435,-224.30001391493036,35.3,3
16,32,443.9993142335898,-192.25713854507322,35.3,3
16,33,-443.99931423370754,-192.25713854507342,35.3,3
16,34,462.49922489169444,-160.2142647218365,35.3,3
16,35,-462.49922489176504,-160.2142647218362,35.3,3
16,36,480.99912810886826,-128.17139476507668,35.3,3
16,37,-480.9991281087902,-128.17139476507649,35.3,3
16,38,499.4990235873355,-96.12853099462673,35.3,3
16,39,-499.4990235872664,-96.12853099462662,35.3,3
16,40,517.9989110294915,-64.08567573037863,35.3,3
16,41,-517.9989110293103,-64.0856757303792,35.3,3
16,42,536.4987901378566,-32.042831292217684,35.3,3
16,43,-536.4987901377717,-32.04283129221804,35.3,3
16,44,554.9986606146427,1.2664014842690925E-11,35.3,3
16,45,-554.9986606145843,1.2528079540067229E-11,35.3,3
16,46,536.4987901378566,32.042831292243115,35.3,3
16,47,-536.4987901377717,32.04283129224311,35.3,3
16,48,517.9989110294915,64.08567573040396,35.3,3
16,49,-517.9989110293103,64.08567573040429,35.3,3
16,50,499.4990235873355,96.12853099465215,35.3,3
16,51,-499.4990235872664,96.12853099465214,35.3,3
16,52,480.99912810886826,128.17139476510204,35.3,3
16,53,-480.9991281087902,128.1713947651016,35.3,3
16,54,462.49922489169444,160.21426472186192,35.3,3
16,55,-462.49922489176504,160.21426472186215,35.3,3
16,56,443.9993142335897,192.25713854509863,35.3,3
16,57,-443.99931423370754,192.25713854509854,35.3,3
16,58,425.49939643219534,224.3000139149557,35.3,3
16,59,-425.49939643213435,224.30001391495546,35.3,3
16,60,406.99947178504294,256.3428885115118,35.3,3
16,61,-406.99947178492863,256.34288851151143,35.3,3
16,62,388.4995405897725,288.3857600148818,35.3,3
16,63,-388.4995405897903,288.38576001488195,35.3,3
16,64,369.9996031441111,320.42862610525657,35.3,3
16,65,-369.9996031440529,320.4286261052564,35.3,3
16,66,351.49965974567596,352.47148446276503,35.3,3
16,67,-351.49965974559956,352.471484462765,35.3,3
16,68,332.9997106919988,384.5143327674313,35.3,3
16,69,-332.999710691947,384.5143327674313,35.3,3
16,70,314.49975628075015,416.5571686994006,35.3,3
16,71,-314.4997562806119,416.5571686994006,35.3,3
16,72,295.99979680966214,448.5999899389295,35.3,3
16,73,-295.99979680966055,448.5999899389295,35.3,3
16,74,277.49983257627883,480.642794166033,35.3,3
16,75,240.49989101334282,480.6429024269172,35.3,3
16,76,203.4999339730115,480.64299522196654,35.3,3
16,77,166.49996383647115,480.643072551299,35.3,3
16,78,129.4999829847922,480.64313441475025,35.3,3
16,79,92.49999379911218,480.6431808122675,35.3,3
16,80,55.49999866060343,480.64321174398003,35.3,3
16,81,18.49999995039269,480.6432272098947,35.3,3
16,82,-18.49999995026261,480.6432272098948,35.3,3
16,83,-55.49999866053775,480.64321174398003,35.3,3
16,84,-92.49999379914668,480.6431808122675,35.3,3
16,85,-129.49998298485644,480.64313441475025,35.3,3
16,86,-166.4999638364341,480.643072551299,35.3,3
16,87,-203.49993397301307,480.6429952219668,35.3,3
16,88,-240.49989101336047,480.6429024269171,35.3,3
16,89,-277.4998325762433,480.6427941660326,35.3,3
17,0,295.9997968096833,-512.6854553344306,35.3,3
17,1,258.99986387827465,-512.685579060876,35.3,3
17,2,221.99991427901912,-512.6856862906667,35.3,3
17,3,184.9999503929402,-512.68577702359,35.3,3
17,4,147.99997460117763,-512.6858512596444,35.3,3
17,5,110.99998928487423,-512.685908998851,35.3,3
17,6,73.99999682514147,-512.6859502410877,35.3,3
17,7,36.99999960314435,-512.6859749865168,35.3,3
17,8,6.278605413250854E-14,-512.6859832349169,35.3,3
17,9,-36.9999996031917,-512.6859749865167,35.3,3
17,10,-73.99999682515045,-512.6859502410877,35.3,3
17,11,-110.9999892848265,-512.685908998851,35.3,3
17,12,-147.99997460098695,-512.6858512596444,35.3,3
17,13,-184.9999503927652,-512.68577702359,35.3,3
17,14,-221.9999142791115,-512.6856862906668,35.3,3
17,15,-258.9998638782433,-512.6855790608762,35.3,3
17,16,-295.99979680966055,-512.6854553344306,35.3,3
17,17,314.49975628072343,-480.64267043937133,35.3,3
17,18,-314.4997562806119,-480.64267043937144,35.3,3
17,19,332.9997106919526,-448.5998672432932,35.3,3
17,20,-332.999710691947,-448.5998672432933,35.3,3
17,21,351.4996597456236,-416.5570480658744,35.3,3
17,22,-351.49965974559956,-416.55704806587454,35.3,3
17,23,369.9996031441132,-384.514215226999,35.3,3
17,24,-369.9996031440529,-384.5142152269993,35.3,3
17,25,388.4995405898158,-352.4713710465621,35.3,3
17,26,-388.4995405897903,-352.4713710465624,35.3,3
17,27,406.9994717850145,-320.4285178443598,35.3,3
17,28,-406.99947178492863,-320.42851784436,35.3,3
17,29,425.49939643221035,-288.3856579403733,35.3,3
17,30,-425.49939643213435,-288.38565794037373,35.3,3
17,31,443.9993142335906,-256.3427936543481,35.3,3
17,32,-443.99931423370754,-256.34279365434844,35.3,3
17,33,462.499224891726,-224.2999273062851,35.3,3
17,34,-462.49922489176504,-224.2999273062852,35.3,3
17,35,480.9991281087694,-192.25706121594348,35.3,3
17,36,-480.9991281087902,-192.25706121594362,35.3,3
17,37,499.49902358728747,-160.21419770328654,35.3,3
17,38,-499.4990235872664,-160.21419770328646,35.3,3
17,39,517.9989110294824,-128.17133908812272,35.3,3
17,40,-517.9989110293103,-128.1713390881225,35.3,3
17,41,536.4987901378254,-96.12848769035416,35.3,3
17,42,-536.4987901377717,-96.12848769035455,35.3,3
17,43,554.9986606146424,-64.08564582983432,35.3,3
17,44,-554.9986606145843,-64.08564582983435,35.3,3
17,45,573.4985221622753,-32.04281582642506,35.3,3
17,46,-573.4985221622313,-32.04281582642469,35.3,3
17,47,591.9983744833004,1.2666274113782417E-11,35.3,3
17,48,-591.9983744831961,1.2521276529967787E-11,35.3,3
17,49,573.4985221622753,32.04281582645052,35.3,3
17,50,-573.4985221622313,32.042815826450244,35.3,3
17,51,554.9986606146424,64.08564582985977,35.3,3
17,52,-554.9986606145843,64.08564582985989,35.3,3
17,53,536.4987901378253,96.1284876903795,35.3,3
17,54,-536.4987901377717,96.12848769037913,35.3,3
17,55,517.9989110294824,128.17133908814796,35.3,3
17,56,-517.9989110293103,128.17133908814762,35.3,3
17,57,499.49902358728735,160.21419770331198,35.3,3
17,58,-499.4990235872664,160.21419770331153,35.3,3
17,59,480.99912810876936,192.2570612159689,35.3,3
17,60,-480.9991281087902,192.25706121596872,35.3,3
17,61,462.4992248917259,224.29992730631048,35.3,3
17,62,-462.49922489176504,224.29992730631062,35.3,3
17,63,443.9993142335906,256.3427936543734,35.3,3
17,64,-443.99931423370754,256.34279365437345,35.3,3
17,65,425.4993964322101,288.3856579403988,35.3,3
17,66,-425.49939643213435,288.38565794039846,35.3,3
17,67,406.9994717850147,320.4285178443848,35.3,3
17,68,-406.99947178492863,320.4285178443847,35.3,3
17,69,388.4995405898156,352.4713710465876,35.3,3
17,70,-388.4995405897903,352.47137104658754,35.3,3
17,71,369.9996031441131,384.5142152270244,35.3,3
17,72,-369.9996031440529,384.51421522702435,35.3,3
17,73,351.4996597456236,416.55704806589966,35.3,3
17,74,-351.49965974559956,416.55704806589966,35.3,3
17,75,332.9997106919524,448.59986724331856,35.3,3
17,76,-332.999710691947,448.5998672433185,35.3,3
17,77,314.4997562807233,480.6426704393966,35.3,3
17,78,-314.4997562806119,480.642670439397,35.3,3
17,79,295.99979680968306,512.6854553344559,35.3,3
17,80,258.9998638782746,512.6855790609012,35.3,3
17,81,221.99991427901912,512.685686290692,35.3,3
17,82,184.99995039294,512.6857770236153,35.3,3
17,83,147.99997460117754,512.6858512596698,35.3,3
17,84,110.99998928487412,512.6859089988761,35.3,3
17,85,73.99999682514154,512.6859502411129,35.3,3
17,86,36.99999960314427,512.685974986542,35.3,3
17,87,0.0,512.6859832349169,35.3,3
17,88,-36.9999996031917,512.6859749865419,35.3,3
17,89,-73.99999682515045,512.6859502411129,35.3,3
17,90,-110.9999892848265,512.6859089988761,35.3,3
17,91,-147.99997460098695,512.6858512596697,35.3,3
17,92,-184.9999503927652,512.6857770236153,35.3,3
17,93,-221.9999142791115,512.6856862906918,35.3,3
17,94,-258.9998638782433,512.685579060901,35.3,3
17,95,-295.99979680966055,512.6854553344556,35.3,3
18,0,314.4997562807528,-544.7280793850531,35.3,3
18,1,277.49983257630265,-544.7282196083526,35.3,3
18,2,240.49989101333054,-544.7283423037572,35.3,3
18,3,203.49993397301597,-544.7284474713581,35.3,3
18,4,166.49996383644833,-544.7285351110455,35.3,3
18,5,129.49998298477485,-544.7286052228516,35.3,3
18,6,92.49999379911795,-544.7286578067304,35.3,3
18,7,55.49999866060674,-544.7286928626128,35.3,3
18,8,18.499999950392567,-544.7287103905848,35.3,3
18,9,-18.49999995026261,-544.7287103905848,35.3,3
18,10,-55.49999866072095,-544.7286928626128,35.3,3
18,11,-92.49999379914668,-544.7286578067306,35.3,3
18,12,-129.49998298485644,-544.7286052228516,35.3,3
18,13,-166.4999638364341,-544.7285351110455,35.3,3
18,14,-203.49993397301307,-544.7284474713581,35.3,3
18,15,-240.49989101336047,-544.7283423037574,35.3,3
18,16,-277.4998325762433,-544.7282196083524,35.3,3
18,17,-314.4997562806119,-544.728079385053,35.3,3
18,18,332.9997106919809,-512.6853151110851,35.3,3
18,19,-332.999710691947,-512.6853151110851,35.3,3
18,20,351.4996597456254,-480.6425312471025,35.3,3
18,21,-351.49965974559956,-480.6425312471026,35.3,3
18,22,369.9996031441279,-448.5997301130705,35.3,3
18,23,-369.9996031440529,-448.5997301130706,35.3,3
18,24,388.49954058979944,-416.556914028774,35.3,3
18,25,-388.4995405897903,-416.5569140287741,35.3,3
18,26,406.9994717850442,-384.5140853141165,35.3,3
18,27,-406.99947178492863,-384.5140853141165,35.3,3
18,28,425.4993964322087,-352.4712462889402,35.3,3
18,29,-425.49939643213435,-352.4712462889404,35.3,3
18,30,443.99931423361426,-320.42839927307926,35.3,3
18,31,-443.99931423370754,-320.42839927307915,35.3,3
18,32,462.4992248917034,-288.38554658646217,35.3,3
18,33,-462.49922489176504,-288.38554658646257,35.3,3
18,34,480.9991281087963,-256.34269054892536,35.3,3
18,35,-480.9991281087902,-256.3426905489257,35.3,3
18,36,499.4990235872595,-224.29983348034173,35.3,3
18,37,-499.4990235872664,-224.29983348034185,35.3,3
18,38,517.9989110295127,-192.25697770060356,35.3,3
18,39,-517.9989110294935,-192.25697770060376,35.3,3
18,40,536.4987901378344,-160.2141255295448,35.3,3
18,41,-536.4987901377717,-160.21412552954504,35.3,3
18,42,554.9986606146433,-128.17127928705415,35.3,3
18,43,-554.9986606145843,-128.17127928705418,35.3,3
18,44,573.4985221623368,-96.12844129300018,35.3,3
18,45,-573.4985221622313,-96.12844129300042,35.3,3
18,46,591.9983744832272,-64.08561386723167,35.3,3
18,47,-591.9983744831961,-64.08561386723156,35.3,3
18,48,610.4982172797709,-32.042799329613906,35.3,3
18,49,-610.4982172797787,-32.04279932961379,35.3,3
18,50,628.9980502542002,1.2668532974984654E-11,35.3,3
18,51,-628.9980502542792,1.2514473123975904E-11,35.3,3
18,52,610.4982172797709,32.042799329638974,35.3,3
18,53,-610.4982172797787,32.042799329638825,35.3,3
18,54,591.9983744832272,64.08561386725714,35.3,3
18,55,-591.9983744831961,64.08561386725714,35.3,3
18,56,573.4985221623368,96.12844129302576,35.3,3
18,57,-573.4985221622313,96.12844129302599,35.3,3
18,58,554.9986606146431,128.17127928707976,35.3,3
18,59,-554.9986606145843,128.17127928707927,35.3,3
18,60,536.4987901378341,160.21412552957025,35.3,3
18,61,-536.4987901377717,160.21412552957008,35.3,3
18,62,517.9989110295126,192.25697770062914,35.3,3
18,63,-517.9989110294935,192.25697770062885,35.3,3
18,64,499.49902358725956,224.29983348036683,35.3,3
18,65,-499.4990235872664,224.29983348036646,35.3,3
18,66,480.9991281087963,256.3426905489506,35.3,3
18,67,-480.9991281087902,256.3426905489503,35.3,3
18,68,462.4992248917032,288.38554658648775,35.3,3
18,69,-462.49922489176504,288.385546586488,35.3,3
18,70,443.99931423361426,320.4283992731045,35.3,3
18,71,-443.99931423370754,320.4283992731042,35.3,3
18,72,425.4993964322086,352.47124628896563,35.3,3
18,73,-425.49939643213435,352.4712462889654,35.3,3
18,74,406.999471785044,384.5140853141418,35.3,3
18,75,-406.99947178492863,384.5140853141416,35.3,3
18,76,388.4995405897994,416.5569140287992,35.3,3
18,77,-388.4995405897903,416.5569140287991,35.3,3
18,78,369.99960314412766,448.59973011309586,35.3,3
18,79,-369.9996031440529,448.599730113096,35.3,3
18,80,351.4996597456254,480.6425312471278,35.3,3
18,81,-351.49965974559956,480.6425312471278,35.3,3
18,82,332.9997106919807,512.6853151111104,35.3,3
18,83,-332.999710691947,512.6853151111102,35.3,3
18,84,314.4997562807526,544.7280793850784,35.3,3
18,85,277.49983257630254,544.7282196083778,35.3,3
18,86,240.49989101333034,544.7283423037824,35.3,3
18,87,203.49993397301603,544.7284474713832,35.3,3
18,88,166.49996383644836,544.7285351110709,35.3,3
18,89,129.49998298477485,544.7286052228769,35.3,3
18,90,92.49999379911786,544.7286578067558,35.3,3
18,91,55.499998660606586,544.728692862638,35.3,3
18,92,18.499999950392596,544.7287103906099,35.3,3
18,93,-18.499999950445808,544.7287103906098,35.3,3
18,94,-55.49999866072095,544.728692862638,35.3,3
18,95,-92.49999379914668,544.7286578067558,35.3,3
18,96,-129.49998298485644,544.7286052228768,35.3,3
18,97,-166.4999638364341,544.7285351110709,35.3,3
18,98,-203.49993397301307,544.7284474713829,35.3,3
18,99,-240.49989101336047,544.7283423037821,35.3,3
18,100,-277.4998325762433,544.7282196083776,35.3,3
18,101,-314.4997562806119,544.7280793850781,35.3,3
19,0,332.99971069196914,-576.7706639983139,35.3,3
19,1,295.99979680964594,-576.7708217492657,35.3,3
19,2,258.99986387829205,-576.7709609414001,35.3,3
19,3,221.99991427902185,-576.7710815746848,35.3,3
19,4,184.9999503929407,-576.7711836490505,35.3,3
19,5,147.99997460118078,-576.7712671644842,35.3,3
19,6,110.99998928487611,-576.7713321209853,35.3,3
19,7,73.99999682514742,-576.7713785184617,35.3,3
19,8,36.99999960313984,-576.7714063569042,35.3,3
19,9,7.063431089907898E-14,-576.7714156364832,35.3,3
19,10,-36.9999996030085,-576.7714063569042,35.3,3
19,11,-73.99999682515045,-576.7713785184617,35.3,3
19,12,-110.9999892848265,-576.7713321209853,35.3,3
19,13,-147.99997460098695,-576.7712671644842,35.3,3
19,14,-184.9999503927652,-576.7711836490506,35.3,3
19,15,-221.9999142791115,-576.7710815746849,35.3,3
19,16,-258.9998638782433,-576.7709609414003,35.3,3
19,17,-295.99979680966055,-576.7708217492657,35.3,3
19,18,-332.999710691947,-576.7706639983137,35.3,3
19,19,351.49965974562474,-544.7279216340063,35.3,3
19,20,-351.49965974559956,-544.7279216340065,35.3,3
19,21,369.9996031441128,-512.6851583909934,35.3,3
19,22,-369.9996031440529,-512.6851583909934,35.3,3
19,23,388.4995405898037,-480.642376589121,35.3,3
19,24,-388.4995405897903,-480.6423765891211,35.3,3
19,25,406.99947178503857,-448.59957854820715,35.3,3
19,26,-406.99947178492863,-448.59957854820726,35.3,3
19,27,425.49939643219204,-416.5567665881198,35.3,3
19,28,-425.49939643213435,-416.5567665881196,35.3,3
19,29,443.9993142336477,-384.5139430287321,35.3,3
19,30,-443.99931423370754,-384.51394302873217,35.3,3
19,31,462.4992248917151,-352.4711101898576,35.3,3
19,32,-462.49922489176504,-352.47111018985777,35.3,3
19,33,480.99912810875986,-320.42827039137114,35.3,3
19,34,-480.9991281087902,-320.4282703913713,35.3,3
19,35,499.4990235872813,-288.3854259532263,35.3,3
19,36,-499.4990235872664,-288.38542595322673,35.3,3
19,37,517.9989110294501,-256.3425791951687,35.3,3
19,38,-517.9989110293103,-256.34257919516887,35.3,3
19,39,536.4987901378391,-224.29973243717646,35.3,3
19,40,-536.4987901377717,-224.2997324371768,35.3,3
19,41,554.9986606146771,-192.25688799904478,35.3,3
19,42,-554.9986606147675,-192.2568879990444,35.3,3
19,43,573.4985221623252,-160.21404820064586,35.3,3
19,44,-573.4985221622313,-160.21404820064612,35.3,3
19,45,591.9983744832251,-128.17121536186667,35.3,3
19,46,-591.9983744831961,-128.17121536186733,35.3,3
19,47,610.4982172797261,-96.12839180255901,35.3,3
19,48,-610.4982172795956,-96.12839180255887,35.3,3
19,49,628.9980502541835,-64.08557984257608,35.3,3
19,50,-628.998050254096,-64.08557984257568,35.3,3
19,51,647.4978731090084,-32.042781801771675,35.3,3
19,52,-647.4978731089976,-32.04278180177197,35.3,3
19,53,665.9976855465677,1.267079142608092E-11,35.3,3
19,54,-665.9976855466007,1.2507669322749558E-11,35.3,3
19,55,647.4978731090084,32.042781801797155,35.3,3
19,56,-647.4978731089976,32.042781801797574,35.3,3
19,57,628.9980502541835,64.0855798426013,35.3,3
19,58,-628.998050254096,64.08557984260072,35.3,3
19,59,610.4982172797261,96.12839180258435,35.3,3
19,60,-610.4982172795956,96.1283918025839,35.3,3
19,61,591.9983744832251,128.171215361892,35.3,3
19,62,-591.9983744831961,128.17121536189185,35.3,3
19,63,573.4985221623252,160.2140482006711,35.3,3
19,64,-573.4985221622313,160.2140482006712,35.3,3
19,65,554.9986606146771,192.25688799907,35.3,3
19,66,-554.9986606147675,192.25688799907,35.3,3
19,67,536.4987901378391,224.2997324372017,35.3,3
19,68,-536.4987901377717,224.29973243720136,35.3,3
19,69,517.9989110294501,256.3425791951939,35.3,3
19,70,-517.9989110293103,256.3425791951939,35.3,3
19,71,499.4990235872813,288.3854259532516,35.3,3
19,72,-499.4990235872664,288.38542595325174,35.3,3
19,73,480.99912810875963,320.4282703913967,35.3,3
19,74,-480.9991281087902,320.4282703913967,35.3,3
19,75,462.4992248917151,352.47111018988284,35.3,3
19,76,-462.49922489176504,352.4711101898828,35.3,3
19,77,443.99931423364757,384.51394302875747,35.3,3
19,78,-443.99931423370754,384.51394302875724,35.3,3
19,79,425.4993964321918,416.5567665881452,35.3,3
19,80,-425.49939643213435,416.5567665881456,35.3,3
19,81,406.9994717850383,448.5995785482327,35.3,3
19,82,-406.99947178492863,448.59957854823244,35.3,3
19,83,388.49954058980336,480.64237658914647,35.3,3
19,84,-388.4995405897903,480.6423765891463,35.3,3
19,85,369.9996031441128,512.6851583910186,35.3,3
19,86,-369.9996031440529,512.6851583910187,35.3,3
19,87,351.4996597456246,544.7279216340315,35.3,3
19,88,-351.49965974559956,544.7279216340311,35.3,3
19,89,332.9997106919688,576.7706639983392,35.3,3
19,90,295.9997968096459,576.7708217492909,35.3,3
19,91,258.999863878292,576.7709609414254,35.3,3
19,92,221.99991427902148,576.7710815747101,35.3,3
19,93,184.9999503929405,576.771183649076,35.3,3
19,94,147.99997460118033,576.7712671645096,35.3,3
19,95,110.99998928487653,576.7713321210103,35.3,3
19,96,73.99999682514746,576.7713785184869,35.3,3
19,97,36.99999960313966,576.7714063569296,35.3,3
19,98,0.0,576.7714156364832,35.3,3
19,99,-36.9999996030085,576.7714063569296,35.3,3
19,100,-73.99999682515045,576.7713785184869,35.3,3
19,101,-110.9999892848265,576.7713321210103,35.3,3
19,102,-147.99997460098695,576.7712671645096,35.3,3
19,103,-184.9999503927652,576.771183649076,35.3,3
19,104,-221.9999142791115,576.7710815747101,35.3,3
19,105,-258.9998638782433,576.7709609414253,35.3,3
19,106,-295.99979680966055,576.7708217492913,35.3,3
19,107,-332.999710691947,576.7706639983388,35.3,3
20,0,351.49965974562264,-608.813206854336,35.3,3
20,1,314.4997562807414,-608.813383164004,35.3,3
20,2,277.4998325762956,-608.8135398838978,35.3,3
20,3,240.4998910133287,-608.8136770138283,35.3,3
20,4,203.49993397302123,-608.8137945539032,35.3,3
20,5,166.499963836439,-608.8138925039219,35.3,3
20,6,129.4999829847726,-608.8139708640629,35.3,3
20,7,92.49999379910935,-608.8140296341325,35.3,3
20,8,55.49999866061198,-608.8140688142848,35.3,3
20,9,18.499999950392503,-608.8140884042743,35.3,3
20,10,-18.49999995026261,-608.8140884042743,35.3,3
20,11,-55.49999866072095,-608.8140688142848,35.3,3
20,12,-92.49999379914668,-608.8140296341325,35.3,3
20,13,-129.49998298485644,-608.813970864063,35.3,3
20,14,-166.4999638364341,-608.8138925039223,35.3,3
20,15,-203.49993397301307,-608.8137945539033,35.3,3
20,16,-240.49989101336047,-608.8136770138283,35.3,3
20,17,-277.4998325762433,-608.8135398838978,35.3,3
20,18,-314.4997562806119,-608.813383164004,35.3,3
20,19,-351.49965974559956,-608.813206854336,35.3,3
20,20,369.9996031441092,-576.770487688514,35.3,3
20,21,-369.9996031440529,-576.7704876885141,35.3,3
20,22,388.49954058982235,-544.7277463552595,35.3,3
20,23,-388.4995405897903,-544.7277463552596,35.3,3
20,24,406.99947178503675,-512.6849851742767,35.3,3
20,25,-406.99947178492863,-512.6849851742767,35.3,3
20,26,425.49939643221114,-480.6422064655364,35.3,3
20,27,-425.49939643213435,-480.64220646553656,35.3,3
20,28,443.9993142335955,-448.59941254875406,35.3,3
20,29,-443.99931423370754,-448.59941254875423,35.3,3
20,30,462.4992248917021,-416.55660574394034,35.3,3
20,31,-462.49922489176504,-416.5566057439404,35.3,3
20,32,480.9991281087728,-384.51378837082837,35.3,3
20,33,-480.9991281087902,-384.51378837082865,35.3,3
20,34,499.49902358730833,-352.47096274938826,35.3,3
20,35,-499.4990235872664,-352.47096274938843,35.3,3
20,36,517.9989110294867,-320.42813119934334,35.3,3
20,37,-517.9989110293103,-320.4281311993433,35.3,3
20,38,536.4987901378225,-288.3852960406642,35.3,3
20,39,-536.4987901377717,-288.38529604066446,35.3,3
20,40,554.9986606146897,-256.34245959320765,35.3,3
20,41,-554.9986606147675,-256.3424595932078,35.3,3
20,42,573.498522162294,-224.29962417676595,35.3,3
20,43,-573.4985221622313,-224.29962417676586,35.3,3
20,44,591.9983744832224,-192.2567921112971,35.3,3
20,45,-591.9983744831961,-192.2567921112974,35.3,3
20,46,610.4982172796853,-160.21396571660142,35.3,3
20,47,-610.4982172795956,-160.21396571660185,35.3,3
20,48,628.998050254225,-128.17114731258363,35.3,3
20,49,-628.9980502542792,-128.17114731258377,35.3,3
20,50,647.4978731090055,-96.12833921905037,35.3,3
20,51,-647.4978731089976,-96.1283392190508,35.3,3
20,52,665.9976855465746,-64.08554375588487,35.3,3
20,53,-665.9976855466007,-64.08554375588518,35.3,3
20,54,684.4974872691481,-32.04276324291372,35.3,3
20,55,-684.497487269205,-32.042763242913736,35.3,3
20,56,702.9972779792606,1.2673049466854556E-11,35.3,3
20,57,-702.9972779792938,1.2500865126946887E-11,35.3,3
20,58,684.4974872691482,32.0427632429389,35.3,3
20,59,-684.497487269205,32.04276324293875,35.3,3
20,60,665.9976855465746,64.08554375591024,35.3,3
20,61,-665.9976855466007,64.08554375591024,35.3,3
20,62,647.4978731090055,96.12833921907557,35.3,3
20,63,-647.4978731089976,96.12833921907524,35.3,3
20,64,628.9980502542248,128.17114731260926,35.3,3
20,65,-628.9980502542792,128.1711473126088,35.3,3
20,66,610.4982172796853,160.21396571662663,35.3,3
20,67,-610.4982172795956,160.21396571662635,35.3,3
20,68,591.9983744832223,192.25679211132248,35.3,3
20,69,-591.9983744831961,192.25679211132243,35.3,3
20,70,573.498522162294,224.29962417679127,35.3,3
20,71,-573.4985221622313,224.29962417679084,35.3,3
20,72,554.9986606146895,256.34245959323334,35.3,3
20,73,-554.9986606147675,256.34245959323334,35.3,3
20,74,536.4987901378225,288.3852960406893,35.3,3
20,75,-536.4987901377717,288.385296040689,35.3,3
20,76,517.9989110294866,320.4281311993687,35.3,3
20,77,-517.9989110293103,320.42813119936886,35.3,3
20,78,499.4990235873082,352.4709627494136,35.3,3
20,79,-499.4990235872664,352.47096274941345,35.3,3
20,80,480.9991281087727,384.5137883708536,35.3,3
20,81,-480.9991281087902,384.5137883708537,35.3,3
20,82,462.4992248917021,416.5566057439656,35.3,3
20,83,-462.49922489176504,416.55660574396563,35.3,3
20,84,443.99931423359544,448.59941254877936,35.3,3
20,85,-443.99931423370754,448.5994125487792,35.3,3
20,86,425.499396432211,480.64220646556186,35.3,3
20,87,-425.49939643213435,480.64220646556146,35.3,3
20,88,406.99947178503675,512.6849851743017,35.3,3
20,89,-406.99947178492863,512.6849851743013,35.3,3
20,90,388.49954058982235,544.7277463552847,35.3,3
20,91,-388.4995405897903,544.7277463552844,35.3,3
20,92,369.999603144109,576.7704876885394,35.3,3
20,93,-369.9996031440529,576.7704876885392,35.3,3
20,94,351.49965974562235,608.8132068543614,35.3,3
20,95,314.49975628074134,608.8133831640292,35.3,3
20,96,277.4998325762959,608.8135398839227,35.3,3
20,97,240.4998910133287,608.8136770138535,35.3,3
20,98,203.49993397302117,608.8137945539285,35.3,3
20,99,166.49996383643887,608.8138925039473,35.3,3
20,100,129.49998298477237,608.8139708640882,35.3,3
20,101,92.49999379910889,608.8140296341578,35.3,3
20,102,55.49999866061191,608.81406881431,35.3,3
20,103,18.49999995039249,608.8140884042996,35.3,3
20,104,-18.499999950445808,608.8140884042996,35.3,3
20,105,-55.49999866072095,608.81406881431,35.3,3
20,106,-92.49999379914668,608.8140296341578,35.3,3
20,107,-129.49998298485644,608.8139708640882,35.3,3
20,108,-166.4999638364341,608.8138925039473,35.3,3
20,109,-203.49993397301307,608.8137945539282,35.3,3
20,110,-240.49989101336047,608.8136770138535,35.3,3
20,111,-277.4998325762433,608.8135398839227,35.3,3
20,112,-314.4997562806119,608.8133831640291,35.3,3
20,113,-351.49965974559956,608.813206854361,35.3,3
21,0,369.99960314413397,-640.8557056334832,35.3,3
21,1,332.99971069197153,-640.8559015328631,35.3,3
21,2,295.99979680964236,-640.8560768113634,35.3,3
21,3,258.99986387831893,-640.856231469082,35.3,3
21,4,221.9999142790147,-640.8563655057325,35.3,3
21,5,184.99995039295143,-640.8564789215452,35.3,3
21,6,147.9999746011817,-640.8565717162675,35.3,3
21,7,110.9999892848729,-640.8566438900001,35.3,3
21,8,73.9999968251475,-640.856695442678,35.3,3
21,9,36.99999960314446,-640.8567263743049,35.3,3
21,10,7.848256766563757E-14,-640.8567366847933,35.3,3
21,11,-36.9999996031917,-640.8567263743049,35.3,3
21,12,-73.99999682515045,-640.856695442678,35.3,3
21,13,-110.9999892848265,-640.8566438900001,35.3,3
21,14,-147.99997460098695,-640.8565717162675,35.3,3
21,15,-184.9999503927652,-640.8564789215452,35.3,3
21,16,-221.9999142791115,-640.8563655057326,35.3,3
21,17,-258.9998638784265,-640.8562314690822,35.3,3
21,18,-295.99979680966055,-640.8560768113634,35.3,3
21,19,-332.999710691947,-640.8559015328631,35.3,3
21,20,-369.9996031440529,-640.8557056334831,35.3,3
21,21,388.4995405898219,-608.8130109549019,35.3,3
21,22,-388.4995405897903,-608.8130109549022,35.3,3
21,23,406.99947178503356,-576.770292820028,35.3,3
21,24,-406.99947178492863,-576.7702928200281,35.3,3
21,25,425.4993964322277,-544.727553548822,35.3,3
21,26,-425.49939643213435,-544.7275535488219,35.3,3
21,27,443.9993142336114,-512.6847954609103,35.3,3
21,28,-443.99931423370754,-512.6847954609102,35.3,3
21,29,462.4992248917322,-480.6420208763586,35.3,3
21,30,-462.49922489176504,-480.64202087635897,35.3,3
21,31,480.9991281088026,-448.59923211483994,35.3,3
21,32,-480.9991281087902,-448.59923211484005,35.3,3
21,33,499.49902358728116,-416.5564314963042,35.3,3
21,34,-499.4990235872664,-416.5564314963042,35.3,3
21,35,517.9989110295037,-384.51362134057433,35.3,3
21,36,-517.9989110294935,-384.51362134057445,35.3,3
21,37,536.498790137853,-352.4708039675216,35.3,3
21,38,-536.4987901377717,-352.47080396752176,35.3,3
21,39,554.9986606146189,-320.4279816969587,35.3,3
21,40,-554.9986606145843,-320.4279816969591,35.3,3
21,41,573.4985221623516,-288.38515684885346,35.3,3
21,42,-573.4985221622313,-288.3851568488535,35.3,3
21,43,591.99837448324,-256.3423317429655,35.3,3
21,44,-591.9983744831961,-256.34233174296594,35.3,3
21,45,610.4982172797378,-224.2995086992022,35.3,3
21,46,-610.4982172795956,-224.29950869920208,35.3,3
21,47,628.998050254201,-192.25669003741538,35.3,3
21,48,-628.9980502542792,-192.25669003741552,35.3,3
21,49,647.497873109047,-160.213878077475,35.3,3
21,50,-647.4978731089976,-160.2138780774747,35.3,3
21,51,665.9976855465211,-128.1710751392036,35.3,3
21,52,-665.9976855466007,-128.17107513920348,35.3,3
21,53,684.4974872692266,-96.12828354249763,35.3,3
21,54,-684.497487269205,-96.12828354249733,35.3,3
21,55,702.9972779792552,-64.08550560715464,35.3,3
21,56,-702.9972779792938,-64.08550560715528,35.3,3
21,57,721.4970573792453,-32.042743653046024,35.3,3
21,58,-721.4970573791675,-32.04274365304636,35.3,3
21,59,739.9968251714135,1.2675307097089074E-11,35.3,3
21,60,-739.9968251714923,1.2494060537226115E-11,35.3,3
21,61,721.4970573792453,32.04274365307137,35.3,3
21,62,-721.4970573791675,32.042743653071355,35.3,3
21,63,702.9972779792552,64.08550560718,35.3,3
21,64,-702.9972779792938,64.08550560717967,35.3,3
21,65,684.4974872692266,96.12828354252284,35.3,3
21,66,-684.497487269205,96.12828354252235,35.3,3
21,67,665.997685546521,128.1710751392291,35.3,3
21,68,-665.9976855466007,128.1710751392291,35.3,3
21,69,647.497873109047,160.21387807750045,35.3,3
21,70,-647.4978731089976,160.2138780775003,35.3,3
21,71,628.998050254201,192.25669003744085,35.3,3
21,72,-628.9980502542792,192.2566900374406,35.3,3
21,73,610.4982172797378,224.2995086992276,35.3,3
21,74,-610.4982172795956,224.2995086992276,35.3,3
21,75,591.9983744832399,256.342331742991,35.3,3
21,76,-591.9983744831961,256.3423317429909,35.3,3
21,77,573.4985221623516,288.38515684887864,35.3,3
21,78,-573.4985221622313,288.3851568488785,35.3,3
21,79,554.9986606146189,320.42798169698403,35.3,3
21,80,-554.9986606145843,320.4279816969841,35.3,3
21,81,536.4987901378528,352.47080396754706,35.3,3
21,82,-536.4987901377717,352.47080396754666,35.3,3
21,83,517.9989110295036,384.5136213405998,35.3,3
21,84,-517.9989110294935,384.5136213405999,35.3,3
21,85,499.4990235872813,416.5564314963293,35.3,3
21,86,-499.4990235872664,416.5564314963293,35.3,3
21,87,480.9991281088023,448.5992321148656,35.3,3
21,88,-480.9991281087902,448.5992321148651,35.3,3
21,89,462.4992248917322,480.64202087638404,35.3,3
21,90,-462.49922489176504,480.6420208763839,35.3,3
21,91,443.9993142336111,512.6847954609357,35.3,3
21,92,-443.99931423370754,512.6847954609357,35.3,3
21,93,425.49939643222746,544.7275535488475,35.3,3
21,94,-425.49939643213435,544.7275535488474,35.3,3
21,95,406.99947178503345,576.7702928200532,35.3,3
21,96,-406.99947178492863,576.7702928200532,35.3,3
21,97,388.4995405898212,608.8130109549276,35.3,3
21,98,-388.4995405897903,608.8130109549274,35.3,3
21,99,369.99960314413374,640.8557056335087,35.3,3
21,100,332.9997106919719,640.8559015328882,35.3,3
21,101,295.999796809642,640.8560768113887,35.3,3
21,102,258.99986387831905,640.8562314691072,35.3,3
21,103,221.99991427901446,640.8563655057578,35.3,3
21,104,184.99995039295132,640.8564789215707,35.3,3
21,105,147.99997460118155,640.8565717162926,35.3,3
21,106,110.99998928487291,640.8566438900252,35.3,3
21,107,73.99999682514739,640.8566954427033,35.3,3
21,108,36.999999603144346,640.8567263743302,35.3,3
21,109,0.0,640.8567366847933,35.3,3
21,110,-36.9999996031917,640.8567263743302,35.3,3
21,111,-73.99999682515045,640.8566954427033,35.3,3
21,112,-110.9999892848265,640.8566438900252,35.3,3
21,113,-147.99997460098695,640.8565717162926,35.3,3
21,114,-184.9999503927652,640.8564789215704,35.3,3
21,115,-221.9999142791115,640.8563655057578,35.3,3
21,116,-258.9998638784265,640.8562314691075,35.3,3
21,117,-295.99979680966055,640.8560768113886,35.3,3
21,118,-332.999710691947,640.8559015328877,35.3,3
21,119,-369.9996031440529,640.8557056335081,35.3,3
22,0,388.49954058980063,-672.8981580159224,35.3,3
22,1,351.49965974564043,-672.8983745360003,35.3,3
22,2,314.4997562807364,-672.8985694041608,35.3,3
22,3,277.4998325762916,-672.8987426205508,35.3,3
22,4,240.49989101334003,-672.8988941849603,35.3,3
22,5,203.4999339730104,-672.8990240973567,35.3,3
22,6,166.49996383645257,-672.8991323577852,35.3,3
22,7,129.4999829847693,-672.8992189661252,35.3,3
22,8,92.49999379911422,-672.8992839224446,35.3,3
22,9,55.4999986606145,-672.8993272267318,35.3,3
22,10,18.49999995039255,-672.8993488787528,35.3,3
22,11,-18.49999995026261,-672.8993488787528,35.3,3
22,12,-55.49999866072095,-672.8993272267318,35.3,3
22,13,-92.49999379914668,-672.8992839224446,35.3,3
22,14,-129.49998298485644,-672.8992189661252,35.3,3
22,15,-166.4999638364341,-672.8991323577852,35.3,3
22,16,-203.49993397301307,-672.8990240973567,35.3,3
22,17,-240.49989101336047,-672.8988941849607,35.3,3
22,18,-277.4998325762433,-672.898742620551,35.3,3
22,19,-314.4997562806119,-672.8985694041608,35.3,3
22,20,-351.49965974559956,-672.8983745360006,35.3,3
22,21,-388.4995405897903,-672.8981580159223,35.3,3
22,22,406.99947178505676,-640.8554891133334,35.3,3
22,23,-406.99947178492863,-640.8554891133338,35.3,3
22,24,425.49939643217215,-608.8127954656511,35.3,3
22,25,-425.49939643213435,-608.8127954656511,35.3,3
22,26,443.99931423363984,-576.770079392884,35.3,3
22,27,-443.99931423370754,-576.7700793928841,35.3,3
22,28,462.4992248917243,-544.7273432147151,35.3,3
22,29,-462.49922489176504,-544.7273432147152,35.3,3
22,30,480.9991281087951,-512.6845892509951,35.3,3
22,31,-480.9991281087902,-512.6845892509954,35.3,3
22,32,499.49902358727854,-480.6418198216314,35.3,3
22,33,-499.4990235872664,-480.6418198216315,35.3,3
22,34,517.9989110294766,-448.5990372464038,35.3,3
22,35,-517.9989110293103,-448.59903724640395,35.3,3
22,36,536.4987901378287,-416.5562438452282,35.3,3
22,37,-536.4987901377717,-416.5562438452282,35.3,3
22,38,554.9986606147133,-384.51344193795615,35.3,3
22,39,-554.9986606147675,-384.51344193795603,35.3,3
22,40,573.4985221623175,-352.47063384432096,35.3,3
22,41,-573.4985221622313,-352.47063384432107,35.3,3
22,42,591.998374483219,-320.4278218843245,35.3,3
22,43,-591.9983744831961,-320.42782188432426,35.3,3
22,44,610.4982172797969,-288.3850083778132,35.3,3
22,45,-610.4982172797787,-288.3850083778136,35.3,3
22,46,628.9980502541965,-256.3421956445396,35.3,3
22,47,-628.9980502542792,-256.3421956445394,35.3,3
22,48,647.4978731089902,-224.2993860044575,35.3,3
22,49,-647.4978731089976,-224.2993860044571,35.3,3
22,50,665.9976855465512,-192.25658177741357,35.3,3
22,51,-665.9976855466007,-192.25658177741332,35.3,3
22,52,684.4974872691635,-160.21378528323115,35.3,3
22,53,-684.497487269205,-160.21378528323115,35.3,3
22,54,702.9972779792944,-128.17099884178276,35.3,3
22,55,-702.9972779792938,-128.17099884178293,35.3,3
22,56,721.4970573792359,-96.12822477289347,35.3,3
22,57,-721.4970573791675,-96.12822477289396,35.3,3
22,58,739.9968251713515,-64.08546539640714,35.3,3
22,59,-739.9968251713091,-64.08546539640766,35.3,3
22,60,758.4965810581979,-32.042723032168894,35.3,3
22,61,-758.496581058202,-32.04272303216925,35.3,3
22,62,776.9963247419298,1.2677564316568072E-11,35.3,3
22,63,-776.9963247417797,1.2487255554245606E-11,35.3,3
22,64,758.4965810581979,32.042723032194424,35.3,3
22,65,-758.496581058202,32.04272303219491,35.3,3
22,66,739.9968251713517,64.08546539643217,35.3,3
22,67,-739.9968251713091,64.085465396432,35.3,3
22,68,721.4970573792359,96.12822477291898,35.3,3
22,69,-721.4970573791675,96.12822477291961,35.3,3
22,70,702.9972779792944,128.17099884180794,35.3,3
22,71,-702.9972779792938,128.17099884180854,35.3,3
22,72,684.4974872691635,160.21378528325653,35.3,3
22,73,-684.497487269205,160.2137852832562,35.3,3
22,74,665.9976855465512,192.25658177743895,35.3,3
22,75,-665.9976855466007,192.25658177743895,35.3,3
22,76,647.4978731089902,224.29938600448298,35.3,3
22,77,-647.4978731089976,224.2993860044832,35.3,3
22,78,628.9980502541965,256.3421956445647,35.3,3
22,79,-628.9980502542792,256.3421956445644,35.3,3
22,80,610.4982172797968,288.3850083778385,35.3,3
22,81,-610.4982172797787,288.3850083778382,35.3,3
22,82,591.9983744832189,320.4278218843498,35.3,3
22,83,-591.9983744831961,320.4278218843498,35.3,3
22,84,573.4985221623175,352.4706338443462,35.3,3
22,85,-573.4985221622313,352.4706338443461,35.3,3
22,86,554.9986606147131,384.5134419379815,35.3,3
22,87,-554.9986606147675,384.5134419379815,35.3,3
22,88,536.4987901378285,416.5562438452537,35.3,3
22,89,-536.4987901377717,416.55624384525345,35.3,3
22,90,517.9989110294766,448.59903724642913,35.3,3
22,91,-517.9989110293103,448.5990372464289,35.3,3
22,92,499.4990235872785,480.64181982165655,35.3,3
22,93,-499.4990235872664,480.6418198216564,35.3,3
22,94,480.9991281087951,512.6845892510204,35.3,3
22,95,-480.9991281087902,512.6845892510198,35.3,3
22,96,462.4992248917243,544.7273432147404,35.3,3
22,97,-462.49922489176504,544.7273432147401,35.3,3
22,98,443.99931423363995,576.7700793929092,35.3,3
22,99,-443.99931423370754,576.770079392909,35.3,3
22,100,425.49939643217215,608.8127954656765,35.3,3
22,101,-425.49939643213435,608.812795465676,35.3,3
22,102,406.9994717850563,640.855489113359,35.3,3
22,103,-406.99947178492863,640.855489113359,35.3,3
22,104,388.4995405898003,672.8981580159477,35.3,3
22,105,351.49965974563986,672.8983745360259,35.3,3
22,106,314.4997562807365,672.8985694041858,35.3,3
22,107,277.49983257629134,672.8987426205764,35.3,3
22,108,240.49989101333952,672.8988941849858,35.3,3
22,109,203.49993397300977,672.8990240973819,35.3,3
22,110,166.49996383645188,672.8991323578107,35.3,3
22,111,129.4999829847698,672.8992189661503,35.3,3
22,112,92.49999379911415,672.8992839224699,35.3,3
22,113,55.49999866061435,672.8993272267569,35.3,3
22,114,18.49999995039209,672.899348878778,35.3,3
22,115,-18.49999995026261,672.899348878778,35.3,3
22,116,-55.49999866072095,672.8993272267569,35.3,3
22,117,-92.49999379914668,672.8992839224699,35.3,3
22,118,-129.49998298485644,672.8992189661503,35.3,3
22,119,-166.4999638364341,672.8991323578105,35.3,3
22,120,-203.49993397301307,672.8990240973819,35.3,3
22,121,-240.49989101336047,672.8988941849858,35.3,3
22,122,-277.4998325762433,672.8987426205764,35.3,3
22,123,-314.4997562806119,672.8985694041858,35.3,3
22,124,-351.49965974559956,672.8983745360262,35.3,3
22,125,-388.4995405897903,672.8981580159474,35.3,3
23,0,406.9994717850721,-704.9405616821012,35.3,3
23,1,369.99960314413585,-704.9407998537595,35.3,3
23,2,332.99971069193947,-704.9410153425686,35.3,3
23,3,295.9997968096487,-704.9412081486123,35.3,3
23,4,258.99986387830063,-704.9413782716923,35.3,3
23,5,221.99991427903052,-704.9415257118081,35.3,3
23,6,184.99995039293785,-704.9416504688465,35.3,3
23,7,147.99997460118215,-704.9417525428892,35.3,3
23,8,110.99998928486625,-704.9418319337893,35.3,3
23,9,73.99999682514827,-704.9418886416697,35.3,3
23,10,36.999999603142115,-704.94192266634,35.3,3
23,11,8.633082443221033E-14,-704.9419340079453,35.3,3
23,12,-36.9999996030085,-704.94192266634,35.3,3
23,13,-73.99999682515045,-704.9418886416697,35.3,3
23,14,-110.9999892848265,-704.9418319337893,35.3,3
23,15,-147.99997460098695,-704.9417525428892,35.3,3
23,16,-184.9999503927652,-704.9416504688465,35.3,3
23,17,-221.9999142791115,-704.9415257118081,35.3,3
23,18,-258.9998638782433,-704.9413782716924,35.3,3
23,19,-295.99979680966055,-704.9412081486123,35.3,3
23,20,-332.99971069176377,-704.9410153425683,35.3,3
23,21,-369.9996031440529,-704.9407998537596,35.3,3
23,22,-406.99947178511184,-704.940561682101,35.3,3
23,23,425.49939643221035,-672.8979198441479,35.3,3
23,24,-425.49939643213435,-672.8979198441482,35.3,3
23,25,443.9993142336027,-640.8552519724071,35.3,3
23,26,-443.99931423370754,-640.8552519724074,35.3,3
23,27,462.4992248917089,-608.812560386823,35.3,3
23,28,-462.49922489176504,-608.8125603868232,35.3,3
23,29,480.9991281088056,-576.7698474070855,35.3,3
23,30,-480.9991281087902,-576.7698474070854,35.3,3
23,31,499.49902358729133,-544.7271153530663,35.3,3
23,32,-499.4990235872664,-544.7271153530663,35.3,3
23,33,517.9989110294827,-512.6843665445477,35.3,3
23,34,-517.9989110293103,-512.6843665445476,35.3,3
23,35,536.498790137834,-480.6416033014594,35.3,3
23,36,-536.4987901377717,-480.6416033014596,35.3,3
23,37,554.9986606146263,-448.59882794356474,35.3,3
23,38,-554.9986606145843,-448.59882794356486,35.3,3
23,39,573.4985221623434,-416.5560427908072,35.3,3
23,40,-573.4985221622313,-416.5560427908076,35.3,3
23,41,591.9983744832177,-384.5132501629324,35.3,3
23,42,-591.9983744831961,-384.5132501629326,35.3,3
23,43,610.4982172797565,-352.47045237988925,35.3,3
23,44,-610.4982172795956,-352.4704523798897,35.3,3
23,45,628.9980502541862,-320.4276517614455,35.3,3
23,46,-628.998050254096,-320.42765176144536,35.3,3
23,47,647.4978731090306,-288.38485062753927,35.3,3
23,48,-647.4978731089976,-288.38485062753944,35.3,3
23,49,665.9976855465145,-256.34205129795555,35.3,3
23,50,-665.9976855466007,-256.3420512979558,35.3,3
23,51,684.497487269176,-224.29925609261522,35.3,3
23,52,-684.497487269205,-224.29925609261554,35.3,3
23,53,702.9972779792533,-192.2564673313176,35.3,3
23,54,-702.9972779792938,-192.25646733131808,35.3,3
23,55,721.4970573792402,-160.21368733394493,35.3,3
23,56,-721.4970573791675,-160.21368733394496,35.3,3
23,57,739.9968251713959,-128.17091842031127,35.3,3
23,58,-739.9968251713091,-128.17091842031144,35.3,3
23,59,758.4965810581718,-96.12816291027201,35.3,3
23,60,-758.496581058202,-96.1281629102722,35.3,3
23,61,776.9963247418962,-64.08542312365302,35.3,3
23,62,-776.9963247417797,-64.08542312365334,35.3,3
23,63,795.4960559251098,-32.0427013802908,35.3,3
23,64,-795.4960559250756,-32.04270138029082,35.3,3
23,65,813.9957743100352,1.2679821125075294E-11,35.3,3
23,66,-813.9957743100226,1.248045017866379E-11,35.3,3
23,67,795.4960559251098,32.04270138031616,35.3,3
23,68,-795.4960559250756,32.042701380316494,35.3,3
23,69,776.9963247418962,64.08542312367854,35.3,3
23,70,-776.9963247417797,64.08542312367834,35.3,3
23,71,758.4965810581718,96.12816291029752,35.3,3
23,72,-758.496581058202,96.12816291029718,35.3,3
23,73,739.9968251713958,128.17091842033696,35.3,3
23,74,-739.9968251713091,128.17091842033642,35.3,3
23,75,721.4970573792402,160.21368733397065,35.3,3
23,76,-721.4970573791675,160.21368733397065,35.3,3
23,77,702.9972779792533,192.256467331343,35.3,3
23,78,-702.9972779792938,192.2564673313425,35.3,3
23,79,684.4974872691762,224.29925609264043,35.3,3
23,80,-684.497487269205,224.29925609264055,35.3,3
23,81,665.9976855465145,256.3420512979811,35.3,3
23,82,-665.9976855466007,256.3420512979813,35.3,3
23,83,647.4978731090304,288.3848506275646,35.3,3
23,84,-647.4978731089976,288.3848506275651,35.3,3
23,85,628.9980502541862,320.4276517614708,35.3,3
23,86,-628.998050254096,320.4276517614704,35.3,3
23,87,610.4982172797565,352.47045237991455,35.3,3
23,88,-610.4982172795956,352.4704523799148,35.3,3
23,89,591.9983744832177,384.51325016295766,35.3,3
23,90,-591.9983744831961,384.5132501629576,35.3,3
23,91,573.4985221623434,416.55604279083235,35.3,3
23,92,-573.4985221622313,416.55604279083155,35.3,3
23,93,554.9986606146263,448.59882794359,35.3,3
23,94,-554.9986606145843,448.59882794358987,35.3,3
23,95,536.4987901378339,480.6416033014847,35.3,3
23,96,-536.4987901377717,480.64160330148485,35.3,3
23,97,517.9989110294827,512.6843665445729,35.3,3
23,98,-517.9989110293103,512.6843665445728,35.3,3
23,99,499.4990235872913,544.7271153530916,35.3,3
23,100,-499.4990235872664,544.7271153530919,35.3,3
23,101,480.9991281088053,576.7698474071109,35.3,3
23,102,-480.9991281087902,576.7698474071105,35.3,3
23,103,462.499224891709,608.8125603868482,35.3,3
23,104,-462.49922489176504,608.8125603868481,35.3,3
23,105,443.9993142336027,640.8552519724326,35.3,3
23,106,-443.99931423370754,640.8552519724323,35.3,3
23,107,425.4993964322102,672.8979198441732,35.3,3
23,108,-425.49939643213435,672.8979198441732,35.3,3
23,109,406.9994717850718,704.9405616821265,35.3,3
23,110,369.9996031441362,704.9407998537846,35.3,3
23,111,332.9997106919396,704.9410153425937,35.3,3
23,112,295.9997968096487,704.9412081486374,35.3,3
23,113,258.9998638783006,704.9413782717174,35.3,3
23,114,221.9999142790301,704.9415257118335,35.3,3
23,115,184.99995039293762,704.9416504688717,35.3,3
23,116,147.99997460118195,704.9417525429144,35.3,3
23,117,110.999989284866,704.9418319338148,35.3,3
23,118,73.99999682514823,704.9418886416951,35.3,3
23,119,36.99999960314217,704.9419226663653,35.3,3
23,120,0.0,704.9419340079453,35.3,3
23,121,-36.9999996031917,704.9419226663653,35.3,3
23,122,-73.99999682515045,704.9418886416951,35.3,3
23,123,-110.9999892848265,704.9418319338148,35.3,3
23,124,-147.99997460098695,704.9417525429144,35.3,3
23,125,-184.9999503927652,704.9416504688714,35.3,3
23,126,-221.9999142791115,704.9415257118334,35.3,3
23,127,-258.9998638782433,704.9413782717176,35.3,3
23,128,-295.99979680966055,704.9412081486375,35.3,3
23,129,-332.99971069176377,704.9410153425936,35.3,3
23,130,-369.9996031440529,704.9407998537841,35.3,3
23,131,-406.99947178511184,704.9405616821261,35.3,3
24,0,425.49939643218244,-736.9829143121125,35.3,3
24,1,388.49954058980273,-736.9831751664095,35.3,3
24,2,351.4996597456316,-736.9834123069231,35.3,3
24,3,314.49975628076083,-736.9836257335768,35.3,3
24,4,277.4998325762861,-736.9838154462916,35.3,3
24,5,240.49989101333608,-736.9839814450572,35.3,3
24,6,203.49993397301355,-736.9841237297829,35.3,3
24,7,166.49996383645689,-736.9842423004848,35.3,3
24,8,129.49998298477888,-736.9843371570716,35.3,3
24,9,92.49999379910987,-736.9844082994678,35.3,3
24,10,55.49999866061031,-736.9844557278498,35.3,3
24,11,18.49999995039326,-736.9844794420063,35.3,3
24,12,-18.499999950445808,-736.9844794420063,35.3,3
24,13,-55.49999866072095,-736.98445572785,35.3,3
24,14,-92.49999379914668,-736.9844082994678,35.3,3
24,15,-129.49998298485644,-736.9843371570716,35.3,3
24,16,-166.4999638364341,-736.9842423004849,35.3,3
24,17,-203.49993397301307,-736.9841237297829,35.3,3
24,18,-240.49989101336047,-736.9839814450572,35.3,3
24,19,-277.4998325762433,-736.9838154462916,35.3,3
24,20,-314.4997562806119,-736.9836257335768,35.3,3
24,21,-351.49965974559956,-736.9834123069231,35.3,3
24,22,-388.4995405897903,-736.9831751664095,35.3,3
24,23,-425.49939643213435,-736.9829143121123,35.3,3
24,24,443.9993142336242,-704.9403008276171,35.3,3
24,25,-443.99931423370754,-704.9403008276173,35.3,3
24,26,462.4992248917143,-672.897660020629,35.3,3
24,27,-462.49922489176504,-672.897660020629,35.3,3
24,28,480.999128108814,-640.8549942109458,35.3,3
24,29,-480.9991281087902,-640.8549942109461,35.3,3
24,30,499.4990235872785,-608.812305718368,35.3,3
24,31,-499.4990235872664,-608.8123057183681,35.3,3
24,32,517.9989110295047,-576.769596862755,35.3,3
24,33,-517.9989110294935,-576.7695968627548,35.3,3
24,34,536.4987901378317,-544.7268699639014,35.3,3
24,35,-536.4987901377717,-544.7268699639015,35.3,3
24,36,554.9986606146708,-512.6841273416845,35.3,3
24,37,-554.9986606147675,-512.6841273416848,35.3,3
24,38,573.49852216235,-480.64137131590275,35.3,3
24,39,-573.4985221622313,-480.6413713159029,35.3,3
24,40,591.9983744831999,-448.5986042063742,35.3,3
24,41,-591.9983744831961,-448.59860420637455,35.3,3
24,42,610.4982172797501,-416.55582833306767,35.3,3
24,43,-610.4982172795956,-416.555828333068,35.3,3
24,44,628.9980502542148,-384.51304601571263,35.3,3
24,45,-628.9980502542792,-384.51304601571286,35.3,3
24,46,647.4978731090292,-352.47025957420726,35.3,3
24,47,-647.4978731089976,-352.47025957420743,35.3,3
24,48,665.9976855465682,-320.4274713284032,35.3,3
24,49,-665.9976855466007,-320.42747132840367,35.3,3
24,50,684.4974872691371,-288.3846835981225,35.3,3
24,51,-684.497487269205,-288.38468359812293,35.3,3
24,52,702.9972779792965,-256.3418987032938,35.3,3
24,53,-702.9972779792938,-256.34189870329385,35.3,3
24,54,721.4970573792405,-224.29911896369003,35.3,3
24,55,-721.4970573791675,-224.29911896368986,35.3,3
24,56,739.996825171391,-192.25634669917872,35.3,3
24,57,-739.9968251713091,-192.25634669917872,35.3,3
24,58,758.4965810581849,-160.21358422961742,35.3,3
24,59,-758.496581058202,-160.21358422961794,35.3,3
24,60,776.996324741946,-128.17083387482847,35.3,3
24,61,-776.9963247417797,-128.17083387482887,35.3,3
24,62,795.4960559251006,-96.12809795465274,35.3,3
24,63,-795.4960559250756,-96.12809795465294,35.3,3
24,64,813.9957743099848,-64.08537878890819,35.3,3
24,65,-813.9957743098395,-64.08537878890857,35.3,3
24,66,832.4954795990005,-32.042678697416726,35.3,3
24,67,-832.4954795991047,-32.04267869741674,35.3,3
24,68,850.9951714945425,1.2682077522394575E-11,35.3,3
24,69,-850.9951714946216,1.2473644411139286E-11,35.3,3
24,70,832.4954795990005,32.04267869744171,35.3,3
24,71,-832.4954795991047,32.042678697440955,35.3,3
24,72,813.9957743099848,64.08537878893375,35.3,3
24,73,-813.9957743098395,64.08537878893428,35.3,3
24,74,795.4960559251003,96.12809795467813,35.3,3
24,75,-795.4960559250756,96.12809795467862,35.3,3
24,76,776.996324741946,128.170833874854,35.3,3
24,77,-776.9963247417797,128.1708338748538,35.3,3
24,78,758.4965810581849,160.21358422964258,35.3,3
24,79,-758.496581058202,160.21358422964292,35.3,3
24,80,739.9968251713909,192.25634669920407,35.3,3
24,81,-739.9968251713091,192.25634669920436,35.3,3
24,82,721.4970573792405,224.29911896371533,35.3,3
24,83,-721.4970573791675,224.2991189637155,35.3,3
24,84,702.9972779792965,256.3418987033191,35.3,3
24,85,-702.9972779792938,256.34189870331943,35.3,3
24,86,684.4974872691371,288.38468359814794,35.3,3
24,87,-684.497487269205,288.3846835981474,35.3,3
24,88,665.997685546568,320.42747132842885,35.3,3
24,89,-665.9976855466007,320.4274713284286,35.3,3
24,90,647.4978731090291,352.4702595742326,35.3,3
24,91,-647.4978731089976,352.47025957423244,35.3,3
24,92,628.9980502542148,384.51304601573804,35.3,3
24,93,-628.9980502542792,384.51304601573776,35.3,3
24,94,610.4982172797502,416.5558283330928,35.3,3
24,95,-610.4982172795956,416.5558283330931,35.3,3
24,96,591.9983744831995,448.5986042063998,35.3,3
24,97,-591.9983744831961,448.59860420639956,35.3,3
24,98,573.49852216235,480.6413713159282,35.3,3
24,99,-573.4985221622313,480.6413713159278,35.3,3
24,100,554.9986606146708,512.6841273417099,35.3,3
24,101,-554.9986606147675,512.6841273417093,35.3,3
24,102,536.4987901378317,544.7268699639268,35.3,3
24,103,-536.4987901377717,544.7268699639269,35.3,3
24,104,517.9989110295047,576.7695968627802,35.3,3
24,105,-517.9989110294935,576.7695968627796,35.3,3
24,106,499.49902358727826,608.8123057183933,35.3,3
24,107,-499.4990235872664,608.8123057183934,35.3,3
24,108,480.9991281088136,640.8549942109714,35.3,3
24,109,-480.9991281087902,640.8549942109712,35.3,3
24,110,462.499224891714,672.8976600206543,35.3,3
24,111,-462.49922489176504,672.8976600206541,35.3,3
24,112,443.99931423362386,704.9403008276425,35.3,3
24,113,-443.99931423370754,704.9403008276427,35.3,3
24,114,425.4993964321822,736.9829143121378,35.3,3
24,115,388.49954058980217,736.983175166435,35.3,3
24,116,351.4996597456315,736.9834123069484,35.3,3
24,117,314.4997562807607,736.9836257336021,35.3,3
24,118,277.499832576286,736.9838154463168,35.3,3
24,119,240.49989101333588,736.9839814450825,35.3,3
24,120,203.49993397301304,736.9841237298083,35.3,3
24,121,166.49996383645626,736.98424230051,35.3,3
24,122,129.49998298477942,736.9843371570968,35.3,3
24,123,92.49999379910993,736.9844082994929,35.3,3
24,124,55.49999866061018,736.9844557278751,35.3,3
24,125,18.499999950393168,736.9844794420314,35.3,3
24,126,-18.499999950445808,736.9844794420314,35.3,3
24,127,-55.49999866072095,736.9844557278751,35.3,3
24,128,-92.49999379914668,736.9844082994929,35.3,3
24,129,-129.49998298485644,736.9843371570968,35.3,3
24,130,-166.4999638364341,736.98424230051,35.3,3
24,131,-203.49993397301307,736.9841237298083,35.3,3
24,132,-240.49989101336047,736.9839814450825,35.3,3
24,133,-277.4998325762433,736.9838154463167,35.3,3
24,134,-314.4997562806119,736.9836257336024,35.3,3
24,135,-351.49965974559956,736.9834123069486,35.3,3
24,136,-388.4995405897903,736.9831751664346,35.3,3
24,137,-425.49939643213435,736.9829143121374,35.3,3
25,0,443.9993142336313,-769.0252135865269,35.3,3
25,1,406.99947178503976,-769.0254981543488,35.3,3
25,2,369.9996031441519,-769.0257579774927,35.3,3
25,3,332.9997106919611,-769.0259930556889,35.3,3
25,4,295.9997968096558,-769.0262033890557,35.3,3
25,5,258.9998638783019,-769.026388977444,35.3,3
25,6,221.99991427902103,-769.0265498208144,35.3,3
25,7,184.99995039293478,-769.0266859191202,35.3,3
25,8,147.99997460117868,-769.0267972723693,35.3,3
25,9,110.99998928487003,-769.0268838804737,35.3,3
25,10,73.99999682514914,-769.0269457434628,35.3,3
25,11,36.99999960314211,-769.0269828611941,35.3,3
25,12,9.417908119877195E-14,-769.0269952337815,35.3,3
25,13,-36.9999996030085,-769.0269828611941,35.3,3
25,14,-73.99999682515045,-769.0269457434628,35.3,3
25,15,-110.9999892848265,-769.0268838804737,35.3,3
25,16,-147.99997460098695,-769.0267972723693,35.3,3
25,17,-184.9999503927652,-769.0266859191202,35.3,3
25,18,-221.9999142791115,-769.0265498208144,35.3,3
25,19,-258.9998638782433,-769.026388977444,35.3,3
25,20,-295.99979680966055,-769.0262033890558,35.3,3
25,21,-332.999710691947,-769.0259930556889,35.3,3
25,22,-369.9996031442361,-769.025757977493,35.3,3
25,23,-406.99947178492863,-769.0254981543491,35.3,3
25,24,-443.99931423370754,-769.0252135865268,35.3,3
25,25,462.4992248917063,-736.9826297441351,35.3,3
25,26,-462.49922489176504,-736.9826297441354,35.3,3
25,27,480.9991281088399,-704.9400172905891,35.3,3
25,28,-480.9991281087902,-704.9400172905891,35.3,3
25,29,499.49902358727866,-672.8973785455049,35.3,3
25,30,-499.4990235872664,-672.897378545505,35.3,3
25,31,517.9989110295079,-640.8547158288598,35.3,3
25,32,-517.9989110294935,-640.8547158288599,35.3,3
25,33,536.4987901378375,-608.8120314603889,35.3,3
25,34,-536.4987901377717,-608.812031460389,35.3,3
25,35,554.998660614648,-576.7693277599268,35.3,3
25,36,-554.9986606145843,-576.7693277599269,35.3,3
25,37,573.4985221623062,-544.7266070473039,35.3,3
25,38,-573.4985221622313,-544.726607047304,35.3,3
25,39,591.9983744832209,-512.6838716423855,35.3,3
25,40,-591.9983744831961,-512.6838716423856,35.3,3
25,41,610.4982172797216,-480.6411238649718,35.3,3
25,42,-610.4982172795956,-480.64112386497226,35.3,3
25,43,628.9980502542244,-448.59836603493744,35.3,3
25,44,-628.9980502542792,-448.59836603493744,35.3,3
25,45,647.4978731090011,-416.5556004720574,35.3,3
25,46,-647.4978731089976,-416.5556004720573,35.3,3
25,47,665.9976855465546,-384.5128294962667,35.3,3
25,48,-665.9976855466007,-384.51282949626733,35.3,3
25,49,684.4974872691594,-352.4700554273518,35.3,3
25,50,-684.497487269205,-352.470055427352,35.3,3
25,51,702.9972779792977,-320.42728058521675,35.3,3
25,52,-702.9972779792938,-320.42728058521686,35.3,3
25,53,721.4970573792067,-288.3845072896431,35.3,3
25,54,-721.4970573791675,-288.3845072896433,35.3,3
25,55,739.9968251713782,-256.3417378605303,35.3,3
25,56,-739.9968251713091,-256.3417378605298,35.3,3
25,57,758.4965810581415,-224.29897461770187,35.3,3
25,58,-758.496581058202,-224.29897461770213,35.3,3
25,59,776.9963247419339,-192.2562198810139,35.3,3
25,60,-776.9963247417797,-192.25621988101355,35.3,3
25,61,795.4960559250903,-160.2134759702885,35.3,3
25,62,-795.4960559250756,-160.2134759702882,35.3,3
25,63,813.9957743099943,-128.17074520535786,35.3,3
25,64,-813.9957743098395,-128.17074520535772,35.3,3
25,65,832.4954795990146,-96.12802990604551,35.3,3
25,66,-832.4954795991047,-96.12802990604554,35.3,3
25,67,850.9951714946333,-64.08533239218059,35.3,3
25,68,-850.9951714946216,-64.0853323921808,35.3,3
25,69,869.4948496990316,-32.04265498355555,35.3,3
25,70,-869.4948496990565,-32.04265498355518,35.3,3
25,71,887.9945139148141,1.2684333508309896E-11,35.3,3
25,72,-887.994513914893,1.2466838252330722E-11,35.3,3
25,73,869.4948496990316,32.04265498358111,35.3,3
25,74,-869.4948496990565,32.042654983580896,35.3,3
25,75,850.9951714946333,64.08533239220577,35.3,3
25,76,-850.9951714946216,64.08533239220574,35.3,3
25,77,832.4954795990146,96.12802990607106,35.3,3
25,78,-832.4954795991047,96.12802990607123,35.3,3
25,79,813.9957743099943,128.17074520538324,35.3,3
25,80,-813.9957743098395,128.17074520538267,35.3,3
25,81,795.4960559250902,160.21347597031408,35.3,3
25,82,-795.4960559250756,160.21347597031456,35.3,3
25,83,776.9963247419339,192.25621988103936,35.3,3
25,84,-776.9963247417797,192.25621988103921,35.3,3
25,85,758.4965810581415,224.2989746177272,35.3,3
25,86,-758.496581058202,224.29897461772714,35.3,3
25,87,739.9968251713782,256.3417378605558,35.3,3
25,88,-739.9968251713091,256.34173786055607,35.3,3
25,89,721.4970573792065,288.3845072896686,35.3,3
25,90,-721.4970573791675,288.38450728966825,35.3,3
25,91,702.9972779792977,320.42728058524204,35.3,3
25,92,-702.9972779792938,320.42728058524176,35.3,3
25,93,684.4974872691593,352.4700554273771,35.3,3
25,94,-684.497487269205,352.47005542737696,35.3,3
25,95,665.9976855465546,384.51282949629206,35.3,3
25,96,-665.9976855466007,384.5128294962922,35.3,3
25,97,647.4978731090009,416.5556004720829,35.3,3
25,98,-647.4978731089976,416.5556004720829,35.3,3
25,99,628.9980502542242,448.598366034963,35.3,3
25,100,-628.9980502542792,448.598366034963,35.3,3
25,101,610.4982172797216,480.64112386499687,35.3,3
25,102,-610.4982172795956,480.64112386499676,35.3,3
25,103,591.9983744832208,512.683871642411,35.3,3
25,104,-591.9983744831961,512.6838716424107,35.3,3
25,105,573.498522162306,544.7266070473291,35.3,3
25,106,-573.4985221622313,544.726607047329,35.3,3
25,107,554.9986606146476,576.7693277599525,35.3,3
25,108,-554.9986606145843,576.7693277599524,35.3,3
25,109,536.4987901378375,608.812031460414,35.3,3
25,110,-536.4987901377717,608.812031460414,35.3,3
25,111,517.9989110295074,640.8547158288853,35.3,3
25,112,-517.9989110294935,640.8547158288852,35.3,3
25,113,499.4990235872785,672.8973785455304,35.3,3
25,114,-499.4990235872664,672.8973785455303,35.3,3
25,115,480.9991281088399,704.9400172906144,35.3,3
25,116,-480.9991281087902,704.940017290614,35.3,3
25,117,462.4992248917059,736.9826297441606,35.3,3
25,118,-462.49922489176504,736.9826297441599,35.3,3
25,119,443.99931423363114,769.0252135865525,35.3,3
25,120,406.99947178503976,769.0254981543741,35.3,3
25,121,369.9996031441516,769.025757977518,35.3,3
25,122,332.9997106919611,769.025993055714,35.3,3
25,123,295.9997968096553,769.026203389081,35.3,3
25,124,258.99986387830154,769.0263889774692,35.3,3
25,125,221.99991427902086,769.0265498208398,35.3,3
25,126,184.99995039293464,769.0266859191453,35.3,3
25,127,147.99997460117922,769.0267972723944,35.3,3
25,128,110.99998928487015,769.0268838804992,35.3,3
25,129,73.99999682514908,769.026945743488,35.3,3
25,130,36.99999960314218,769.0269828612193,35.3,3
25,131,0.0,769.0269952337303,35.3,3
25,132,-36.9999996031917,769.0269828612193,35.3,3
25,133,-73.99999682515045,769.0269457434878,35.3,3
25,134,-110.9999892848265,769.0268838804992,35.3,3
25,135,-147.99997460098695,769.0267972723944,35.3,3
25,136,-184.9999503927652,769.0266859191453,35.3,3
25,137,-221.9999142791115,769.0265498208396,35.3,3
25,138,-258.9998638782433,769.0263889774692,35.3,3
25,139,-295.99979680966055,769.0262033890812,35.3,3
25,140,-332.999710691947,769.0259930557138,35.3,3
25,141,-369.9996031442361,769.0257579775183,35.3,3
25,142,-406.99947178492863,769.0254981543743,35.3,3
25,143,-443.99931423370754,769.0252135865517,35.3,3
